16
(479,682)
5000
(1462,644)
(1835,1184)
(1272,1479)
(374,1474)
(28,1250)
(648,155)
(101,208)
(203,397)
(223,900)
(1903,1587)
(184,1952)
(1814,1846)
(471,551)
(1020,122)
(1376,288)
(205,300)
(532,1050)
(1769,1071)
(366,811)
(1161,828)
(1580,969)
(469,413)
(409,1558)
(1929,811)
(270,664)
(1661,1130)
(1001,1391)
(1846,1205)
(551,938)
(209,1667)
(16,1967)
(253,553)
(1936,208)
(1335,1143)
(420,550)
(1437,1159)
(1712,238)
(211,1099)
(1555,1860)
(389,1687)
(1941,931)
(840,190)
(1989,569)
(441,1883)
(1238,56)
(646,798)
(826,74)
(1825,1754)
(127,1969)
(1795,441)
(1012,682)
(1688,1488)
(1951,1135)
(185,519)
(322,868)
(90,1136)
(1009,431)
(1370,1884)
(896,756)
(1540,1091)
(751,1507)
(1423,1919)
(385,803)
(1147,1931)
(1791,46)
(1677,302)
(832,1171)
(575,1540)
(1445,1134)
(210,427)
(28,1858)
(350,381)
(1892,180)
(1465,821)
(1076,794)
(353,1761)
(1961,413)
(1577,1882)
(1984,458)
(563,1680)
(1526,515)
(1197,1241)
(687,317)
(112,1465)
(1457,349)
(967,1052)
(121,641)
(205,1942)
(1774,1624)
(172,344)
(1859,1750)
(866,1013)
(1274,1224)
(408,1639)
(646,314)
(1247,772)
(550,822)
(105,1351)
(1320,1079)
(1854,220)
(530,1568)
(1876,817)
(1946,892)
(1584,1039)
(1301,367)
(366,765)
(615,1217)
(1681,1056)
(1464,525)
(827,1808)
(66,1399)
(349,236)
(1250,1426)
(879,91)
(458,1759)
(1608,722)
(706,431)
(1073,877)
(88,1408)
(1201,1852)
(1731,1132)
(723,626)
(1804,1959)
(1351,906)
(1172,1107)
(1911,965)
(1609,311)
(1367,322)
(1058,1165)
(485,89)
(52,1981)
(1255,682)
(763,1812)
(1846,1719)
(461,1319)
(873,77)
(1026,1524)
(233,363)
(1802,488)
(649,1173)
(1049,366)
(1554,1875)
(700,1526)
(873,146)
(1256,1980)
(879,1802)
(489,1844)
(1891,923)
(869,474)
(1318,795)
(636,1051)
(1516,867)
(763,689)
(370,1712)
(1533,1620)
(1982,729)
(700,664)
(1463,735)
(796,1461)
(1666,1536)
(164,208)
(1560,1520)
(1964,1125)
(708,371)
(895,569)
(641,944)
(309,623)
(1698,1697)
(1922,110)
(1543,1680)
(1760,634)
(779,1602)
(62,1104)
(1333,1118)
(1599,577)
(1799,1891)
(1620,1418)
(165,944)
(1764,1556)
(926,573)
(34,412)
(713,1567)
(90,718)
(1298,1592)
(1888,1127)
(188,1757)
(1616,947)
(449,22)
(120,1550)
(1246,1804)
(459,1088)
(1013,1059)
(1320,1546)
(1632,1548)
(824,135)
(932,456)
(1388,1726)
(1182,1477)
(1228,1180)
(202,1242)
(917,1501)
(1749,660)
(1392,484)
(779,1591)
(862,340)
(1209,1759)
(854,973)
(1787,291)
(1948,1634)
(1869,1445)
(1210,10)
(113,1462)
(1775,799)
(659,1530)
(485,101)
(1043,356)
(1376,135)
(1493,475)
(1417,662)
(1594,324)
(382,997)
(1731,1544)
(1255,1509)
(1918,517)
(1773,1291)
(147,199)
(1140,1039)
(827,1720)
(879,1564)
(905,1826)
(1379,310)
(1558,1535)
(319,1649)
(1736,1214)
(761,750)
(1160,1617)
(1175,89)
(1174,702)
(307,1553)
(964,1777)
(1854,1640)
(1870,1134)
(1732,1493)
(438,1479)
(1540,402)
(726,1423)
(538,487)
(1829,1186)
(1209,1379)
(408,311)
(1325,155)
(1924,108)
(200,1331)
(1223,662)
(1070,849)
(468,1565)
(920,1798)
(615,669)
(736,424)
(1483,266)
(600,429)
(1720,1785)
(1411,1939)
(179,445)
(525,1581)
(533,1122)
(527,951)
(1284,81)
(876,60)
(956,1010)
(1572,908)
(755,1794)
(1815,1715)
(1940,783)
(971,408)
(831,329)
(1507,1037)
(920,499)
(1978,1732)
(1424,880)
(817,991)
(1951,229)
(1168,1957)
(350,1013)
(1226,260)
(581,1173)
(902,1447)
(1134,968)
(716,1913)
(855,315)
(1491,89)
(338,1196)
(1072,242)
(1007,1916)
(1896,1007)
(1238,1990)
(1997,1420)
(1635,22)
(654,1812)
(658,1970)
(1460,1229)
(1571,1652)
(105,542)
(918,1133)
(573,1957)
(385,1583)
(1113,787)
(1318,1021)
(453,27)
(1824,154)
(111,698)
(36,887)
(927,1786)
(246,1103)
(978,1583)
(161,902)
(1159,426)
(77,323)
(774,806)
(442,452)
(617,550)
(201,878)
(1741,1454)
(647,1980)
(1457,1558)
(149,330)
(1330,1484)
(62,1489)
(1493,1726)
(783,813)
(1278,13)
(1248,512)
(425,1208)
(601,1251)
(1376,1393)
(14,447)
(1737,431)
(61,1904)
(1812,1830)
(1840,1175)
(723,456)
(1266,1190)
(1207,1943)
(1225,1404)
(594,247)
(1550,1531)
(293,1183)
(1172,1694)
(1853,1177)
(773,1724)
(1590,1363)
(1110,1232)
(1166,218)
(1891,992)
(485,132)
(1138,683)
(916,904)
(733,1550)
(1677,1764)
(634,1553)
(1331,1453)
(615,924)
(830,998)
(451,159)
(1084,1647)
(693,1407)
(946,961)
(313,601)
(99,1242)
(269,1555)
(1172,267)
(750,558)
(181,370)
(251,127)
(634,1802)
(1737,847)
(325,1396)
(57,641)
(1822,330)
(868,1592)
(1124,1148)
(794,149)
(161,71)
(1260,738)
(159,1903)
(77,1799)
(401,1741)
(1439,1717)
(1200,1218)
(16,1555)
(35,52)
(1418,487)
(972,1229)
(1321,54)
(520,22)
(1952,254)
(209,1129)
(721,1901)
(868,636)
(1636,739)
(1536,1105)
(878,1952)
(745,447)
(16,1597)
(1018,744)
(1654,896)
(16,1056)
(1205,1125)
(1280,1434)
(1901,1186)
(1653,44)
(1709,1850)
(33,846)
(489,1642)
(128,41)
(284,451)
(1768,1104)
(289,1011)
(217,1501)
(1938,602)
(1954,1306)
(253,864)
(207,563)
(35,1959)
(358,703)
(1585,947)
(100,1863)
(1654,1202)
(1049,1918)
(1771,1245)
(80,287)
(9,1595)
(219,851)
(982,1557)
(1532,534)
(805,1583)
(1626,574)
(627,604)
(1991,1905)
(150,1486)
(217,1275)
(1927,1468)
(358,1411)
(942,727)
(1670,1567)
(1230,228)
(798,608)
(1415,1289)
(1459,165)
(976,1593)
(841,671)
(1783,786)
(480,707)
(1919,759)
(247,1696)
(1352,1671)
(55,1858)
(1854,1991)
(1070,1354)
(1545,739)
(1007,1344)
(1550,1027)
(798,398)
(171,578)
(110,482)
(966,569)
(1277,259)
(1934,434)
(243,1419)
(878,1182)
(339,1278)
(0,1416)
(596,307)
(374,58)
(370,1494)
(1071,1973)
(179,1479)
(349,786)
(1046,1436)
(1721,701)
(1078,196)
(308,1461)
(767,1863)
(558,1070)
(1794,101)
(971,1755)
(254,18)
(731,1758)
(26,1549)
(76,1621)
(240,1774)
(1759,1878)
(1528,1075)
(425,316)
(1974,1107)
(1677,334)
(1877,1937)
(767,1596)
(621,1791)
(1916,1744)
(1607,759)
(133,1486)
(1146,1873)
(524,331)
(966,23)
(1076,1370)
(498,1183)
(770,1089)
(1205,853)
(1005,1934)
(674,1554)
(1686,227)
(69,220)
(1763,417)
(1602,1679)
(1915,1867)
(1695,817)
(230,1007)
(188,1631)
(56,681)
(87,1124)
(937,499)
(1700,296)
(1575,937)
(747,1147)
(1425,560)
(897,1748)
(48,1826)
(86,1924)
(420,1057)
(1240,359)
(304,1044)
(892,1083)
(89,1071)
(486,0)
(1649,800)
(1282,1028)
(1714,27)
(949,1531)
(1782,305)
(329,971)
(830,82)
(895,287)
(1141,514)
(1351,1085)
(1331,1801)
(589,470)
(1493,540)
(899,758)
(944,36)
(1882,333)
(155,12)
(1874,1712)
(831,146)
(503,1213)
(1370,1269)
(105,304)
(489,1256)
(26,1574)
(421,70)
(818,254)
(1756,978)
(1945,231)
(864,1948)
(608,21)
(1529,1141)
(195,1771)
(1581,1113)
(1853,988)
(973,891)
(779,223)
(1417,1461)
(777,1394)
(943,554)
(1746,1930)
(1863,1883)
(1009,1859)
(179,1820)
(1390,264)
(318,819)
(1147,387)
(1022,1914)
(175,1528)
(214,1434)
(1258,1382)
(700,1596)
(821,1323)
(250,1343)
(1629,1507)
(521,128)
(1077,734)
(1109,142)
(441,1097)
(452,1802)
(50,596)
(1565,31)
(1229,745)
(1669,1085)
(1490,658)
(1041,576)
(585,140)
(1402,1445)
(1743,1801)
(1665,1618)
(97,1900)
(552,595)
(1515,575)
(187,192)
(436,1734)
(425,902)
(323,138)
(875,1177)
(1145,733)
(1722,1386)
(996,1027)
(673,1081)
(1432,1407)
(168,1662)
(527,465)
(931,421)
(454,457)
(1938,96)
(1284,1832)
(103,477)
(1709,1593)
(1881,1085)
(368,174)
(1709,1196)
(1893,895)
(868,894)
(106,55)
(1125,35)
(1256,1019)
(833,1487)
(439,1027)
(86,414)
(896,1827)
(1186,1406)
(1771,143)
(17,189)
(956,378)
(698,1193)
(1456,984)
(1569,1335)
(1931,1810)
(832,1453)
(825,825)
(1309,1811)
(999,587)
(1588,1035)
(1926,1440)
(997,1250)
(879,1919)
(1342,1185)
(410,1223)
(1570,485)
(1942,966)
(1390,1544)
(155,1542)
(1502,158)
(1615,809)
(868,503)
(1184,465)
(165,1757)
(1311,1121)
(270,1326)
(970,1308)
(1668,835)
(1399,1291)
(200,337)
(1982,444)
(229,455)
(1491,546)
(1206,244)
(353,394)
(1221,1570)
(1811,193)
(968,316)
(706,172)
(1546,1751)
(328,745)
(1607,417)
(159,1653)
(353,83)
(1106,1687)
(1627,1584)
(1440,817)
(609,1866)
(432,1877)
(76,1803)
(1881,401)
(814,83)
(1357,1118)
(286,1976)
(1118,728)
(1330,1382)
(1414,802)
(510,1295)
(258,769)
(502,868)
(864,1044)
(1754,1094)
(1750,806)
(1104,494)
(1530,1037)
(265,611)
(848,199)
(1174,649)
(1970,726)
(365,242)
(189,125)
(261,384)
(1616,880)
(282,1467)
(1134,205)
(723,988)
(989,643)
(1195,967)
(393,1622)
(1178,1833)
(731,811)
(248,822)
(1066,1724)
(355,688)
(1347,1567)
(1911,440)
(679,1348)
(1795,1353)
(1442,818)
(1947,1426)
(1814,89)
(1229,138)
(232,333)
(1583,762)
(153,1101)
(1776,936)
(1577,67)
(1427,180)
(247,742)
(460,356)
(797,890)
(1281,1686)
(411,1102)
(1772,775)
(1242,1144)
(249,513)
(1538,1433)
(1814,786)
(1168,1998)
(229,402)
(1664,949)
(1353,360)
(245,1249)
(1858,63)
(1840,573)
(1957,1383)
(68,744)
(389,211)
(1022,1787)
(1032,8)
(1878,1235)
(1409,1171)
(1323,1637)
(1389,21)
(1263,852)
(1345,122)
(1054,80)
(1665,1110)
(876,1193)
(599,202)
(529,1404)
(1164,297)
(1786,387)
(183,406)
(577,37)
(1795,67)
(612,837)
(507,637)
(410,77)
(1338,559)
(1180,702)
(908,143)
(838,1626)
(863,1823)
(104,1556)
(1684,1759)
(1008,1476)
(96,1942)
(590,1580)
(1277,726)
(774,1739)
(767,1263)
(840,1540)
(1564,143)
(768,740)
(1023,1820)
(1025,1385)
(1095,698)
(562,876)
(1202,121)
(1757,1602)
(1435,700)
(1278,743)
(1828,439)
(925,354)
(1630,1051)
(1122,335)
(1170,737)
(315,896)
(1087,1680)
(1607,818)
(143,4)
(1061,1569)
(1118,731)
(1179,516)
(237,5)
(1022,234)
(1356,1916)
(574,1942)
(1950,166)
(979,495)
(254,1305)
(21,127)
(1467,908)
(1370,1565)
(1301,1851)
(1016,213)
(1262,1188)
(1846,290)
(1422,20)
(1824,382)
(27,664)
(1366,136)
(4,1759)
(362,1747)
(1743,339)
(1135,1390)
(30,1377)
(407,171)
(746,1678)
(697,812)
(1250,1728)
(1063,1290)
(1027,1719)
(340,924)
(1460,1721)
(116,490)
(737,740)
(334,1021)
(359,17)
(228,773)
(68,879)
(1024,944)
(701,1959)
(1438,1257)
(1827,1300)
(544,1442)
(1680,1877)
(318,1552)
(1188,699)
(434,1523)
(1426,1032)
(231,1141)
(1329,1089)
(530,1578)
(58,523)
(1073,451)
(295,1918)
(1883,874)
(1205,1210)
(1,323)
(1741,1265)
(1647,348)
(440,453)
(684,746)
(900,1627)
(1395,1436)
(33,1794)
(141,1089)
(1492,771)
(1111,1715)
(952,928)
(670,1877)
(236,913)
(1047,1061)
(554,14)
(1708,1175)
(1818,394)
(1741,1528)
(663,684)
(1633,417)
(705,381)
(485,255)
(538,1793)
(1330,1951)
(1036,793)
(963,217)
(994,370)
(1882,840)
(1961,857)
(1264,454)
(717,1057)
(1296,607)
(787,968)
(717,1920)
(646,1508)
(636,1954)
(987,145)
(872,576)
(168,418)
(1472,1168)
(1229,1805)
(1361,1108)
(470,496)
(1603,1013)
(1867,797)
(1998,1683)
(84,1928)
(518,1230)
(353,829)
(756,1617)
(1448,967)
(381,1116)
(138,1162)
(1204,1083)
(603,665)
(1103,1687)
(215,1479)
(653,581)
(1423,949)
(1899,20)
(742,787)
(837,1375)
(1053,1345)
(1363,1518)
(1292,570)
(208,1039)
(1308,1389)
(496,166)
(985,432)
(174,1632)
(202,1751)
(1188,1639)
(1694,1359)
(1255,997)
(423,1538)
(366,1119)
(678,1342)
(1617,639)
(1358,20)
(1597,203)
(1149,1357)
(1772,834)
(1176,313)
(1891,207)
(1646,1206)
(576,400)
(1576,708)
(142,1457)
(208,1489)
(75,418)
(1422,788)
(1440,326)
(48,121)
(1832,260)
(39,1666)
(17,1061)
(1834,1214)
(275,1540)
(1259,1279)
(702,140)
(1823,84)
(1904,1934)
(1969,1827)
(905,424)
(746,284)
(1222,195)
(367,1420)
(610,1142)
(1514,646)
(1201,481)
(41,1347)
(1627,1993)
(1670,715)
(80,1059)
(810,1226)
(709,285)
(1059,1273)
(387,1240)
(1655,782)
(533,23)
(1648,765)
(940,1333)
(343,1636)
(307,118)
(1408,479)
(985,240)
(1743,1581)
(1410,339)
(1329,192)
(1300,1321)
(1712,1572)
(1301,638)
(1443,997)
(1615,1060)
(1206,1204)
(1044,110)
(1051,142)
(925,1254)
(445,704)
(1067,1053)
(1373,765)
(485,1111)
(657,1809)
(629,444)
(205,797)
(456,1446)
(48,90)
(1114,899)
(1831,799)
(158,381)
(1199,607)
(1902,1558)
(605,122)
(340,1695)
(1823,913)
(1731,803)
(763,416)
(1448,262)
(904,1417)
(1267,455)
(1586,1520)
(167,634)
(1544,1504)
(280,1145)
(1570,635)
(348,539)
(703,1896)
(189,776)
(1512,962)
(181,1041)
(223,265)
(1462,992)
(1501,900)
(375,65)
(1180,1275)
(930,1629)
(1641,1737)
(29,0)
(725,382)
(1964,1799)
(1204,1504)
(42,340)
(642,977)
(384,1000)
(402,601)
(1161,1618)
(38,363)
(1525,1291)
(797,1488)
(907,167)
(283,1593)
(1973,511)
(1735,1539)
(1361,606)
(1139,1001)
(1068,642)
(1813,1690)
(1528,1070)
(62,1173)
(1436,1550)
(1078,1647)
(296,233)
(48,1139)
(315,1480)
(1227,731)
(1975,431)
(1053,1585)
(406,1145)
(1366,1391)
(1701,1223)
(1765,60)
(1354,811)
(1797,768)
(1718,705)
(1809,718)
(808,1872)
(1766,1035)
(1822,770)
(326,1044)
(312,6)
(745,553)
(1978,285)
(69,276)
(1064,300)
(1413,831)
(760,638)
(327,994)
(201,1677)
(386,593)
(594,1339)
(1012,1109)
(1181,870)
(1067,1822)
(1120,826)
(272,733)
(283,1269)
(160,552)
(1329,72)
(1935,1059)
(1388,1323)
(210,577)
(866,574)
(459,762)
(1242,1197)
(663,1762)
(273,1699)
(1701,1716)
(1292,688)
(773,889)
(1845,178)
(1866,826)
(1633,1606)
(1537,1957)
(1309,1995)
(726,1579)
(1667,774)
(945,373)
(1301,833)
(1822,1955)
(1075,268)
(495,1665)
(695,149)
(1327,1995)
(1782,1135)
(553,1870)
(556,267)
(1725,1940)
(1734,424)
(1072,375)
(988,479)
(1915,1777)
(1709,732)
(1478,1296)
(1272,1381)
(460,1707)
(103,830)
(1320,1985)
(666,1351)
(673,1769)
(1178,754)
(451,1266)
(877,1960)
(1734,1013)
(1940,603)
(441,1555)
(736,38)
(603,1752)
(982,44)
(1296,1579)
(913,642)
(1546,471)
(1808,652)
(1503,1126)
(1239,439)
(824,846)
(916,1068)
(608,246)
(1802,517)
(452,767)
(244,572)
(22,93)
(1572,1652)
(1259,987)
(1767,990)
(1904,765)
(320,369)
(480,526)
(1158,545)
(408,1558)
(1552,1993)
(1217,1858)
(687,384)
(608,1871)
(283,1605)
(167,1540)
(1430,927)
(495,1756)
(983,1736)
(1824,1453)
(540,915)
(529,743)
(1475,817)
(861,1353)
(281,827)
(1545,319)
(680,1879)
(85,1658)
(1385,1935)
(709,934)
(1810,557)
(892,900)
(170,835)
(972,1536)
(1560,517)
(1036,709)
(1021,896)
(256,1711)
(173,1612)
(334,1461)
(1827,1430)
(1353,1575)
(12,1266)
(1551,583)
(1382,956)
(581,1494)
(709,746)
(893,987)
(840,663)
(869,330)
(717,1483)
(666,324)
(1889,879)
(204,785)
(449,884)
(1392,792)
(619,714)
(1237,822)
(483,641)
(613,1962)
(1039,72)
(1225,1861)
(582,1846)
(829,557)
(1433,114)
(1554,1637)
(1778,1171)
(1801,436)
(666,1608)
(870,1027)
(418,422)
(411,1221)
(1062,1342)
(971,1115)
(252,1840)
(226,979)
(1048,1667)
(1597,1378)
(1657,1720)
(1786,851)
(677,1906)
(1421,467)
(1632,743)
(1847,865)
(1480,1916)
(646,1791)
(1425,1890)
(187,865)
(288,113)
(136,762)
(962,427)
(369,829)
(1179,1538)
(1624,230)
(1451,1676)
(1575,480)
(390,286)
(252,185)
(1241,1457)
(1501,2)
(268,438)
(1198,59)
(1786,135)
(758,293)
(1447,444)
(720,111)
(74,1005)
(1192,1457)
(555,567)
(1266,1122)
(824,31)
(836,1586)
(1413,1174)
(1702,297)
(380,622)
(1334,1234)
(760,875)
(1655,275)
(1358,1324)
(292,430)
(978,1048)
(1728,729)
(864,1500)
(706,216)
(1912,993)
(38,1077)
(1200,1896)
(520,1616)
(1221,1090)
(1927,1360)
(1935,885)
(1952,9)
(1989,860)
(774,84)
(1945,892)
(1170,143)
(1929,1291)
(1894,1688)
(1640,1230)
(935,1951)
(1567,717)
(1054,802)
(1254,63)
(1133,429)
(772,988)
(622,812)
(437,1738)
(1425,118)
(310,1573)
(1466,70)
(277,1996)
(504,111)
(330,1238)
(1348,905)
(771,21)
(204,1760)
(9,229)
(1059,1791)
(1669,1319)
(1311,32)
(1629,283)
(1239,19)
(1742,1240)
(1001,1718)
(207,303)
(1349,850)
(404,443)
(1349,229)
(523,631)
(1960,784)
(196,275)
(39,1257)
(91,372)
(1023,1748)
(1923,998)
(560,490)
(1154,1442)
(278,133)
(1679,1129)
(1855,744)
(1812,53)
(878,1935)
(275,1569)
(254,512)
(1482,1340)
(389,318)
(797,411)
(331,1630)
(184,1886)
(1457,147)
(1712,1548)
(598,1305)
(1790,1614)
(1721,1080)
(306,1992)
(1827,1200)
(163,1119)
(1399,856)
(488,684)
(272,1423)
(155,532)
(1303,900)
(1777,434)
(553,1556)
(1731,1858)
(782,529)
(1695,325)
(944,675)
(1973,1745)
(921,1735)
(473,945)
(1747,1221)
(1332,1149)
(492,1447)
(1110,1219)
(712,144)
(1430,1349)
(660,1650)
(1694,1393)
(970,1409)
(1729,913)
(696,498)
(1455,329)
(243,1450)
(159,420)
(1836,1178)
(1808,1030)
(829,1986)
(474,656)
(1437,969)
(354,1868)
(638,609)
(1762,80)
(1838,475)
(1777,967)
(658,1622)
(1561,1883)
(1355,758)
(340,1632)
(1492,991)
(822,146)
(808,1327)
(29,887)
(1819,1071)
(1781,463)
(1141,1260)
(381,14)
(1455,1560)
(960,352)
(1605,220)
(921,1848)
(821,320)
(72,1924)
(488,305)
(1276,1198)
(562,1619)
(390,1710)
(1136,1282)
(378,1303)
(485,1678)
(720,686)
(330,1421)
(486,1027)
(771,1980)
(467,1509)
(823,201)
(509,1447)
(1556,1678)
(1605,301)
(1407,43)
(520,813)
(467,808)
(888,1764)
(440,527)
(1557,863)
(484,1314)
(1018,904)
(1191,929)
(1800,1419)
(1558,1986)
(1039,875)
(195,507)
(3,620)
(1767,413)
(518,769)
(858,974)
(1989,257)
(722,1156)
(797,1332)
(1464,319)
(1760,652)
(602,975)
(1424,921)
(446,981)
(1940,321)
(1857,1746)
(942,1261)
(1117,34)
(760,307)
(1699,1517)
(1650,110)
(1754,1933)
(1317,808)
(766,1112)
(118,255)
(1342,207)
(1506,235)
(761,1692)
(147,22)
(1003,1667)
(148,1832)
(385,335)
(1742,1713)
(1176,623)
(1859,860)
(462,1479)
(468,735)
(1824,833)
(0,1308)
(282,1275)
(1524,124)
(421,371)
(1422,1493)
(425,708)
(1055,860)
(1647,596)
(992,66)
(1448,1771)
(1440,387)
(903,1777)
(680,1501)
(41,1669)
(1520,1457)
(521,1023)
(1855,1526)
(858,1524)
(611,357)
(78,569)
(1953,1360)
(1367,304)
(1374,483)
(756,599)
(1489,41)
(940,498)
(1399,770)
(277,333)
(420,509)
(70,669)
(1122,309)
(1144,1620)
(1378,706)
(1755,767)
(587,118)
(333,1224)
(1699,770)
(569,139)
(697,871)
(732,1278)
(84,1718)
(419,1295)
(1898,251)
(1230,1815)
(14,1776)
(1890,1624)
(147,1759)
(1100,1616)
(1172,1983)
(1581,557)
(1987,141)
(942,644)
(731,1594)
(328,1581)
(395,1292)
(1004,1132)
(1386,1828)
(161,955)
(648,1495)
(980,169)
(618,335)
(1792,678)
(649,653)
(1205,1121)
(268,677)
(25,821)
(1760,1832)
(938,1178)
(1312,1916)
(373,426)
(1883,169)
(489,1998)
(1965,722)
(1647,1705)
(1331,1127)
(268,855)
(519,1373)
(1516,1381)
(692,514)
(1107,1459)
(874,1773)
(1066,408)
(869,622)
(123,24)
(1751,276)
(1142,968)
(1013,319)
(1423,292)
(506,275)
(1179,1641)
(1082,1985)
(1465,1686)
(232,1765)
(925,805)
(1486,255)
(330,1919)
(357,1655)
(543,1243)
(445,267)
(113,727)
(550,567)
(1177,973)
(906,1338)
(1314,1244)
(32,314)
(288,1603)
(1936,278)
(1099,693)
(109,80)
(1220,1875)
(77,636)
(95,165)
(149,680)
(1788,54)
(439,1443)
(1666,626)
(498,582)
(1506,1338)
(655,1873)
(550,594)
(753,229)
(436,1751)
(21,436)
(1386,623)
(112,965)
(1951,464)
(92,884)
(1718,137)
(292,467)
(827,250)
(1077,618)
(1685,515)
(1081,1065)
(218,1375)
(1408,1240)
(82,1190)
(859,459)
(1360,591)
(1515,1713)
(539,1815)
(541,8)
(858,1276)
(1098,1419)
(203,1521)
(583,1113)
(1871,227)
(195,947)
(1487,130)
(469,694)
(1330,1112)
(1426,1882)
(1528,808)
(153,1306)
(1753,1388)
(616,79)
(1789,1829)
(994,914)
(1622,736)
(600,239)
(618,1261)
(1728,862)
(1071,1920)
(1802,1068)
(916,174)
(1012,136)
(478,1034)
(1704,1807)
(1765,775)
(1022,1406)
(1774,1169)
(1802,11)
(1783,46)
(229,822)
(672,689)
(699,18)
(1308,75)
(1486,1356)
(1869,162)
(269,1507)
(911,309)
(1040,23)
(450,404)
(275,1269)
(1937,1850)
(1891,697)
(357,1944)
(287,1944)
(324,407)
(1339,42)
(1404,376)
(1869,1551)
(435,1733)
(1200,1565)
(470,188)
(1265,1073)
(454,1957)
(892,788)
(713,635)
(897,710)
(24,1599)
(1771,1487)
(1701,889)
(115,1597)
(7,462)
(786,1711)
(1236,1879)
(1509,1856)
(1399,873)
(853,58)
(150,1429)
(630,663)
(879,1535)
(734,466)
(1392,376)
(459,1079)
(123,1606)
(891,916)
(1588,404)
(1338,374)
(1766,1111)
(1380,1154)
(634,1459)
(1596,1630)
(516,1301)
(570,102)
(541,689)
(180,602)
(1506,629)
(772,1457)
(1529,473)
(1732,1357)
(1350,1972)
(1563,1866)
(1119,880)
(442,1673)
(1244,568)
(1257,839)
(250,987)
(777,353)
(220,1994)
(1583,1376)
(871,1857)
(137,1202)
(1050,63)
(913,1147)
(596,670)
(1324,879)
(124,758)
(592,562)
(1129,1257)
(182,992)
(1386,1731)
(1532,729)
(1208,1094)
(1955,636)
(405,950)
(1952,384)
(78,28)
(1099,746)
(112,879)
(990,783)
(635,1622)
(685,416)
(1213,574)
(770,1566)
(531,651)
(1193,1278)
(1697,671)
(1217,316)
(461,63)
(439,1958)
(1238,1347)
(427,537)
(1634,642)
(1285,399)
(1439,594)
(1321,205)
(39,151)
(1005,1936)
(881,1814)
(1848,1969)
(281,1365)
(1672,725)
(1474,1862)
(1623,828)
(412,277)
(142,1097)
(1739,912)
(1671,1998)
(1707,1299)
(1713,815)
(1485,1232)
(1988,1085)
(1887,1005)
(1510,1085)
(131,664)
(1885,227)
(1241,993)
(1109,179)
(409,1049)
(1811,540)
(1380,694)
(724,940)
(788,427)
(1957,272)
(1103,1132)
(1364,1176)
(221,740)
(386,690)
(1808,424)
(1822,1509)
(1557,799)
(1236,87)
(1524,573)
(1798,697)
(250,740)
(244,696)
(1436,157)
(127,634)
(1237,1676)
(1551,551)
(1441,782)
(1427,1986)
(190,241)
(1945,755)
(443,2)
(1438,1729)
(1067,1259)
(1913,1708)
(1984,304)
(761,242)
(1506,765)
(715,936)
(534,580)
(1594,234)
(1644,1853)
(1469,1199)
(1924,1389)
(68,845)
(1160,1356)
(1790,1511)
(1376,1782)
(1395,861)
(895,1543)
(942,280)
(1238,1143)
(1593,742)
(594,1256)
(1601,972)
(401,1125)
(1156,1755)
(1226,1903)
(1269,884)
(409,454)
(493,1153)
(1316,620)
(149,694)
(369,1964)
(1925,1736)
(1568,1047)
(233,103)
(1507,362)
(1399,1384)
(1316,1137)
(1595,689)
(840,1809)
(404,491)
(1494,1454)
(1078,342)
(1631,227)
(1659,1662)
(1659,448)
(770,1815)
(1493,1031)
(456,1920)
(929,1203)
(1222,1695)
(322,419)
(1810,884)
(1597,1465)
(1624,564)
(941,871)
(357,1228)
(1059,457)
(1183,97)
(723,1912)
(655,782)
(1360,452)
(1017,1700)
(1273,166)
(1099,710)
(1845,753)
(752,1438)
(564,980)
(563,1621)
(747,1862)
(515,50)
(1462,1029)
(1365,935)
(1685,1922)
(550,570)
(1074,1854)
(1924,1207)
(376,756)
(1096,441)
(1233,1494)
(1714,1858)
(1534,1704)
(1428,111)
(1511,300)
(319,1659)
(681,398)
(1002,628)
(1909,933)
(1933,1493)
(593,839)
(189,40)
(321,1797)
(332,1072)
(677,918)
(1489,1190)
(213,891)
(327,713)
(1369,1490)
(1111,1763)
(1070,88)
(776,116)
(1926,849)
(1565,1677)
(1978,776)
(1100,1875)
(312,83)
(1214,769)
(509,960)
(1154,813)
(1092,842)
(441,343)
(1579,1379)
(1865,1280)
(1871,960)
(1356,79)
(1418,234)
(801,498)
(1622,1186)
(1112,49)
(1484,1909)
(1724,553)
(1016,776)
(928,1646)
(1290,1155)
(58,1789)
(330,1885)
(537,1952)
(1307,12)
(914,819)
(483,1443)
(945,1281)
(547,932)
(588,414)
(539,1951)
(669,219)
(1441,432)
(372,187)
(885,1301)
(885,951)
(437,4)
(1056,1146)
(1657,177)
(1599,604)
(1380,1974)
(506,487)
(829,102)
(42,124)
(941,1329)
(1290,1247)
(1534,640)
(24,465)
(1733,1082)
(1651,393)
(8,667)
(1473,1595)
(418,982)
(1014,1592)
(1544,1214)
(1681,541)
(376,1622)
(457,825)
(1463,1253)
(1996,98)
(922,787)
(1842,457)
(118,264)
(686,425)
(879,1602)
(1199,1854)
(1351,1877)
(900,858)
(1053,1039)
(1790,403)
(1591,1242)
(1391,1914)
(1041,705)
(689,1602)
(168,1483)
(595,1354)
(1535,1336)
(1118,426)
(698,30)
(1572,276)
(99,1595)
(1709,713)
(1439,1320)
(455,79)
(1355,209)
(336,1929)
(1458,1484)
(482,1956)
(55,1134)
(1909,427)
(703,1995)
(1181,405)
(585,1952)
(865,830)
(686,1844)
(901,67)
(1394,1035)
(1068,45)
(1614,1341)
(1656,1128)
(1497,73)
(126,1399)
(1168,1591)
(1504,1102)
(1103,552)
(915,61)
(301,774)
(327,1771)
(1807,1691)
(205,1638)
(1126,166)
(555,1968)
(708,1027)
(1462,1430)
(1044,1432)
(319,978)
(1980,1792)
(1960,402)
(1867,1216)
(743,721)
(704,1831)
(401,1690)
(571,100)
(1921,577)
(1566,112)
(593,217)
(1945,1971)
(1967,447)
(1545,1318)
(1444,1209)
(1219,1187)
(1858,470)
(70,336)
(625,778)
(649,945)
(1910,1145)
(1350,323)
(244,460)
(215,1150)
(1427,650)
(900,1023)
(1687,1471)
(1515,695)
(1121,618)
(751,263)
(1678,296)
(229,315)
(1013,129)
(1702,1239)
(1590,256)
(374,1581)
(943,1722)
(1865,827)
(123,1284)
(434,237)
(199,490)
(904,1175)
(1661,1273)
(87,1774)
(390,321)
(1636,1344)
(1747,1120)
(754,421)
(134,1509)
(1929,1697)
(1267,854)
(366,219)
(375,73)
(1714,981)
(239,1607)
(66,500)
(1576,1385)
(1564,329)
(247,890)
(984,1087)
(1331,296)
(1181,655)
(41,1534)
(1471,250)
(534,1899)
(1452,473)
(499,809)
(236,1074)
(1303,333)
(634,1188)
(1331,1484)
(164,1512)
(624,1150)
(1762,1308)
(1481,621)
(1712,411)
(687,1820)
(576,1189)
(90,609)
(1879,346)
(1032,1219)
(1655,1658)
(1381,977)
(422,456)
(1098,66)
(944,1059)
(181,442)
(609,1629)
(1613,435)
(779,648)
(254,1729)
(1140,1301)
(1455,257)
(1908,134)
(511,816)
(906,1783)
(1095,224)
(294,1958)
(1484,658)
(748,1864)
(687,1102)
(1834,510)
(1087,896)
(822,1313)
(777,651)
(317,1522)
(1470,1391)
(572,706)
(479,42)
(1999,809)
(775,1540)
(925,608)
(1212,755)
(1942,1463)
(1412,1504)
(1468,322)
(865,619)
(1709,6)
(1678,1576)
(1356,1905)
(1738,1125)
(895,236)
(1514,1096)
(1477,1386)
(1256,318)
(192,1268)
(1996,1893)
(611,1305)
(1288,59)
(265,1216)
(385,345)
(299,66)
(996,786)
(721,185)
(1912,163)
(1077,231)
(885,139)
(1199,552)
(1772,327)
(1236,1325)
(326,1541)
(1526,451)
(362,865)
(1982,1466)
(1766,739)
(1460,1044)
(651,116)
(1417,272)
(590,1359)
(275,100)
(1712,344)
(364,1652)
(892,1758)
(530,720)
(1348,1845)
(1586,1544)
(1722,22)
(926,1879)
(318,1476)
(1418,141)
(260,1778)
(1981,363)
(86,1756)
(849,443)
(907,1271)
(1465,597)
(1369,139)
(595,653)
(310,1143)
(476,1711)
(1445,1156)
(725,43)
(133,1042)
(398,1185)
(1071,1199)
(684,1960)
(444,1442)
(1363,243)
(757,1196)
(105,820)
(1969,896)
(1102,1596)
(1562,228)
(364,1753)
(1240,1943)
(1737,1602)
(1982,1898)
(1084,17)
(1408,535)
(1678,1598)
(1787,1453)
(1743,359)
(1994,385)
(769,1123)
(1467,101)
(1693,1897)
(1841,629)
(1294,112)
(247,1010)
(1382,1713)
(1764,1323)
(670,1724)
(223,1575)
(1495,248)
(1070,1016)
(476,1518)
(1225,1018)
(1566,1940)
(1156,1874)
(1447,1477)
(1792,1818)
(158,1728)
(608,1661)
(1834,1815)
(528,1439)
(1377,809)
(807,1819)
(1953,441)
(1442,1616)
(1512,1198)
(979,917)
(700,1041)
(438,594)
(1850,221)
(1740,584)
(429,114)
(735,875)
(571,901)
(1391,539)
(1616,292)
(1162,788)
(1787,753)
(1534,1507)
(1938,1787)
(76,262)
(757,1512)
(498,3)
(582,1943)
(1635,1671)
(1716,756)
(204,1967)
(163,1848)
(1739,1312)
(704,1750)
(1627,448)
(603,1191)
(737,474)
(112,1183)
(1998,511)
(61,1645)
(232,372)
(1857,1298)
(1722,541)
(102,1764)
(1267,1889)
(143,1402)
(447,545)
(1678,928)
(672,1852)
(733,1896)
(986,1772)
(579,544)
(1826,671)
(481,1173)
(1090,429)
(1659,1655)
(22,1111)
(919,1212)
(1562,1124)
(471,1470)
(1536,716)
(1653,729)
(1504,1908)
(893,768)
(80,475)
(1946,1987)
(1628,1350)
(1457,23)
(59,1769)
(220,1750)
(1397,775)
(721,1467)
(1465,1760)
(956,1231)
(571,1282)
(639,800)
(545,169)
(1940,414)
(295,488)
(1202,1233)
(1615,197)
(1090,522)
(346,1201)
(1711,689)
(1821,142)
(62,255)
(1038,1092)
(1414,1386)
(192,211)
(1660,1243)
(421,1197)
(1194,1360)
(1391,1568)
(350,139)
(122,894)
(941,1507)
(1417,959)
(1665,501)
(1599,1611)
(689,524)
(947,941)
(421,1698)
(159,1036)
(1621,1478)
(545,1551)
(1939,519)
(1693,1335)
(1141,320)
(1425,951)
(1798,379)
(314,182)
(6,1950)
(1000,974)
(845,357)
(335,981)
(1185,519)
(434,519)
(80,1720)
(889,708)
(1986,1364)
(393,1440)
(1410,1362)
(382,473)
(1952,761)
(468,135)
(1195,583)
(774,1094)
(1484,1197)
(42,898)
(495,12)
(1012,171)
(1566,1875)
(1186,1206)
(1406,1081)
(1307,166)
(1435,1535)
(892,1555)
(471,1005)
(139,1466)
(523,433)
(892,299)
(1835,457)
(1771,580)
(1561,1240)
(1320,79)
(158,1600)
(1099,760)
(27,773)
(1721,392)
(705,1560)
(1079,19)
(1137,36)
(740,1892)
(1626,312)
(344,1528)
(492,563)
(454,1939)
(293,1201)
(1819,1615)
(1721,1826)
(401,794)
(101,1708)
(150,1104)
(1571,210)
(1987,511)
(1121,1115)
(693,641)
(150,898)
(1559,1935)
(1183,1410)
(700,1838)
(679,69)
(1411,3)
(1376,526)
(1435,398)
(1610,1432)
(1860,17)
(1537,1363)
(568,1476)
(1973,910)
(1593,1411)
(1274,1794)
(1140,22)
(565,1505)
(147,1891)
(1283,72)
(774,1613)
(342,1660)
(577,1696)
(1086,540)
(1811,769)
(143,447)
(399,1250)
(512,656)
(1249,1587)
(784,1323)
(1230,1196)
(1347,1831)
(986,1786)
(1485,1852)
(1839,1497)
(1552,14)
(31,1055)
(484,1829)
(264,1483)
(501,1940)
(1669,1756)
(1296,106)
(419,1142)
(1202,733)
(1401,215)
(892,1972)
(911,1803)
(989,570)
(1672,1431)
(133,384)
(1598,1875)
(624,1897)
(489,657)
(625,805)
(953,183)
(1190,1426)
(1495,1496)
(188,359)
(680,1071)
(1390,716)
(1894,1826)
(167,603)
(1440,297)
(1460,1596)
(898,1611)
(1678,798)
(1748,686)
(737,1325)
(332,1735)
(128,1468)
(1122,1473)
(1399,748)
(614,1039)
(1999,663)
(1279,1956)
(1827,771)
(337,399)
(1356,475)
(670,1059)
(1844,512)
(1886,1707)
(853,1336)
(627,1637)
(53,889)
(261,1620)
(428,41)
(1601,1616)
(1232,906)
(451,1892)
(1115,1730)
(1904,1358)
(1947,1195)
(1998,318)
(822,844)
(877,467)
(328,963)
(292,1295)
(472,282)
(1391,1998)
(317,338)
(1789,519)
(1711,392)
(1452,535)
(1040,869)
(1882,992)
(996,1709)
(1155,1606)
(727,484)
(1774,213)
(1878,1578)
(1151,1760)
(856,407)
(831,1239)
(887,1663)
(1626,196)
(116,1319)
(356,1515)
(1146,1671)
(1184,50)
(1501,684)
(610,1401)
(1232,1504)
(1218,1048)
(174,1486)
(1951,1270)
(118,1228)
(700,678)
(1840,1475)
(1969,1822)
(404,180)
(1674,1957)
(218,49)
(560,1750)
(1147,803)
(17,902)
(1284,917)
(685,864)
(1082,461)
(510,1599)
(1906,1079)
(14,982)
(1866,1667)
(110,1233)
(1939,955)
(1782,1983)
(678,1450)
(1379,1235)
(1022,782)
(870,34)
(1394,1535)
(1099,742)
(904,352)
(294,1533)
(1338,1333)
(936,1326)
(644,1582)
(279,413)
(631,1424)
(28,898)
(682,294)
(806,1752)
(926,1937)
(889,1849)
(158,1363)
(1157,961)
(1778,1760)
(591,71)
(1057,1708)
(453,1782)
(920,32)
(637,294)
(99,1667)
(146,1546)
(1160,360)
(1754,1691)
(318,58)
(1358,1146)
(831,686)
(855,1601)
(664,1238)
(204,1332)
(686,898)
(1012,226)
(5,343)
(1830,1029)
(1035,624)
(840,1424)
(780,342)
(1198,1292)
(736,130)
(1536,242)
(1521,1859)
(503,911)
(1727,915)
(666,941)
(59,1038)
(1706,1055)
(84,789)
(922,755)
(1057,1253)
(168,1136)
(54,1203)
(579,771)
(1041,83)
(1568,1070)
(1838,1312)
(1181,618)
(1832,1643)
(1324,1918)
(1868,1129)
(1276,1299)
(1408,769)
(1367,1729)
(965,638)
(1230,23)
(1992,225)
(1844,1152)
(473,1832)
(1393,562)
(1282,79)
(1205,239)
(430,791)
(343,1581)
(1708,1432)
(1037,971)
(1517,894)
(921,300)
(1112,840)
(1894,1428)
(1324,1801)
(1666,1565)
(1572,1476)
(1626,1892)
(178,1899)
(309,1525)
(1472,62)
(418,1498)
(1042,1438)
(812,1838)
(638,1027)
(437,751)
(420,1688)
(516,819)
(793,609)
(1300,998)
(735,922)
(1303,1929)
(1183,1308)
(72,278)
(1594,1144)
(1822,327)
(1488,1877)
(809,1616)
(1814,179)
(413,1158)
(72,1869)
(1720,1139)
(1748,1755)
(1574,43)
(819,785)
(1793,662)
(1743,392)
(1735,580)
(272,1436)
(632,245)
(1433,1321)
(1584,551)
(1420,1579)
(360,345)
(73,1534)
(503,960)
(1744,952)
(968,608)
(406,1523)
(687,1582)
(200,274)
(21,99)
(1957,1109)
(1169,1723)
(204,1176)
(169,1141)
(1545,357)
(1661,208)
(283,1673)
(1500,1597)
(1002,123)
(658,625)
(1207,1364)
(961,1649)
(971,135)
(1128,1640)
(854,1932)
(803,1713)
(270,1937)
(556,1572)
(347,1583)
(49,1184)
(1389,1908)
(1439,921)
(1136,611)
(1872,191)
(1451,1786)
(928,1116)
(1505,981)
(1705,1980)
(1813,72)
(942,626)
(79,1155)
(816,1624)
(1340,1796)
(1884,410)
(1891,1629)
(868,323)
(159,1195)
(141,444)
(1272,1458)
(1057,700)
(1085,1564)
(376,272)
(77,222)
(80,1618)
(718,1430)
(454,1364)
(445,1473)
(893,1365)
(233,1328)
(1689,1882)
(1138,156)
(215,1777)
(517,91)
(1696,1907)
(450,761)
(590,347)
(1448,550)
(182,1625)
(365,417)
(1273,79)
(1594,1452)
(1443,1480)
(1531,1291)
(140,21)
(200,1831)
(3,116)
(760,1596)
(1683,1171)
(1036,1368)
(1629,1211)
(955,1866)
(1960,1998)
(1985,1184)
(1032,512)
(922,1523)
(964,278)
(258,551)
(609,1035)
(1048,1473)
(722,1522)
(719,1341)
(1969,165)
(258,1377)
(1963,1172)
(592,770)
(1380,1695)
(449,1258)
(1485,560)
(1976,265)
(1046,540)
(1290,755)
(1112,399)
(553,501)
(1815,1192)
(1753,1188)
(502,1673)
(1115,1073)
(285,1184)
(1574,1548)
(1120,590)
(1745,918)
(185,574)
(408,259)
(157,1522)
(477,1789)
(1653,338)
(1123,1611)
(297,1718)
(598,1599)
(1570,1263)
(162,1126)
(372,281)
(589,1479)
(392,1573)
(33,260)
(278,1574)
(0,1902)
(398,1910)
(790,1316)
(1808,830)
(892,1771)
(1604,1220)
(127,1441)
(411,277)
(1690,782)
(1388,657)
(650,925)
(1025,252)
(308,28)
(1564,830)
(773,1234)
(794,52)
(1217,1833)
(460,1110)
(1466,143)
(209,1165)
(470,1398)
(47,1692)
(366,1629)
(1794,1268)
(1203,747)
(915,1677)
(1519,1619)
(694,843)
(910,34)
(549,1406)
(291,972)
(558,1585)
(787,1019)
(1221,971)
(1134,1108)
(1677,485)
(1339,1814)
(1385,318)
(986,886)
(1514,592)
(381,1082)
(233,1012)
(195,1115)
(1724,1570)
(1828,1257)
(1814,1503)
(1212,1178)
(728,1498)
(1996,796)
(257,1001)
(736,35)
(580,1597)
(93,191)
(808,298)
(1421,493)
(1454,676)
(257,420)
(1686,876)
(213,1116)
(535,1303)
(1103,697)
(999,1368)
(1575,393)
(1293,673)
(1809,157)
(851,1652)
(672,661)
(206,933)
(1178,163)
(1936,1057)
(1742,415)
(439,725)
(300,1355)
(564,1251)
(728,910)
(1628,819)
(1372,1176)
(975,1929)
(1207,577)
(1967,621)
(332,346)
(570,978)
(1174,221)
(314,1974)
(1401,666)
(15,994)
(1715,1209)
(233,934)
(477,1383)
(768,369)
(271,879)
(684,1420)
(1405,967)
(1008,393)
(1431,1115)
(582,61)
(215,1831)
(727,143)
(783,753)
(1761,158)
(121,1108)
(1509,1338)
(1640,1584)
(1964,902)
(187,1682)
(1968,991)
(1582,1357)
(1482,1268)
(1175,1665)
(941,1852)
(1110,377)
(1175,1376)
(940,369)
(271,432)
(141,343)
(1293,246)
(1589,1642)
(1082,661)
(365,631)
(884,807)
(7,539)
(904,1668)
(1788,174)
(1844,1769)
(1025,332)
(742,1079)
(1977,289)
(1342,454)
(1500,1697)
(1330,405)
(695,1677)
(325,1745)
(1765,1454)
(1610,1437)
(719,167)
(1809,892)
(1839,325)
(1288,827)
(1164,260)
(1654,590)
(607,1035)
(499,620)
(1192,599)
(1602,1768)
(172,830)
(176,124)
(143,1788)
(1852,366)
(1427,1694)
(1877,889)
(903,134)
(897,1725)
(808,1271)
(1118,1994)
(1334,95)
(489,1361)
(26,800)
(251,1352)
(204,1495)
(314,524)
(540,640)
(983,1452)
(1100,1010)
(340,1994)
(912,1194)
(832,481)
(360,1956)
(1661,952)
(1313,284)
(470,772)
(159,701)
(473,1403)
(989,547)
(1111,272)
(1837,1665)
(1640,1345)
(969,900)
(798,1808)
(808,762)
(1028,353)
(947,1281)
(1285,609)
(6,1155)
(1375,790)
(357,143)
(999,1097)
(670,563)
(1465,1923)
(233,100)
(1272,653)
(685,361)
(446,1044)
(830,263)
(846,1401)
(1039,1596)
(1686,930)
(15,1732)
(1672,55)
(1888,1943)
(572,1163)
(23,242)
(56,895)
(771,1293)
(1306,288)
(1408,63)
(522,679)
(441,345)
(1216,45)
(825,462)
(372,1745)
(856,224)
(1962,1488)
(946,281)
(1886,1079)
(1905,410)
(989,1858)
(1058,950)
(1333,528)
(1923,659)
(360,932)
(987,529)
(1053,513)
(1074,157)
(230,1231)
(653,1315)
(73,1024)
(671,1080)
(201,61)
(647,300)
(1471,287)
(1143,652)
(124,1054)
(1141,1503)
(41,1410)
(706,1535)
(1559,1872)
(634,357)
(888,972)
(285,1873)
(331,1874)
(25,1744)
(1712,56)
(6,117)
(1066,1163)
(1657,827)
(1622,906)
(1048,1734)
(364,279)
(1386,1100)
(830,807)
(1645,80)
(1295,452)
(1827,777)
(822,1710)
(1125,314)
(1707,63)
(1539,1619)
(43,749)
(1293,1612)
(778,594)
(1855,1763)
(631,1265)
(1463,991)
(639,509)
(762,578)
(1196,52)
(723,1986)
(190,1473)
(179,597)
(1011,103)
(1813,998)
(288,1365)
(1400,817)
(1703,1358)
(1254,1691)
(1673,1902)
(687,1060)
(1122,577)
(1740,875)
(1863,1497)
(257,1597)
(1411,909)
(1274,506)
(63,617)
(790,869)
(467,880)
(90,1351)
(348,1483)
(957,418)
(592,1298)
(1019,1589)
(1072,1017)
(1030,1730)
(330,1140)
(769,1798)
(1790,161)
(1501,24)
(133,712)
(1493,906)
(1298,884)
(799,252)
(123,884)
(1641,1310)
(1747,717)
(820,1785)
(971,1743)
(170,1380)
(1095,1102)
(1029,852)
(73,1984)
(1327,694)
(1942,1922)
(1012,361)
(1377,454)
(265,609)
(437,1357)
(915,1058)
(47,1589)
(1933,1582)
(1303,1408)
(491,626)
(1939,1368)
(1517,1589)
(431,52)
(1801,1707)
(1783,104)
(690,159)
(1486,574)
(394,1687)
(1948,451)
(885,780)
(272,523)
(1017,197)
(28,1096)
(1495,1417)
(64,1749)
(1118,96)
(289,396)
(1491,1780)
(1027,972)
(348,443)
(1996,487)
(622,944)
(1597,1000)
(473,360)
(606,1817)
(1105,1371)
(598,1044)
(715,1826)
(1588,1069)
(469,864)
(210,1615)
(1243,1094)
(248,218)
(511,1778)
(249,321)
(464,685)
(833,1885)
(1654,1667)
(1516,493)
(343,1907)
(304,1647)
(1516,1570)
(1060,392)
(1755,88)
(1668,1632)
(1846,1470)
(629,1438)
(1757,819)
(698,17)
(248,1230)
(485,1719)
(1919,433)
(1388,469)
(1600,1546)
(573,322)
(243,1707)
(1259,167)
(381,250)
(1845,1196)
(341,1297)
(24,481)
(1076,1491)
(1506,1288)
(925,601)
(530,1595)
(1111,1874)
(1278,79)
(762,1545)
(1082,1988)
(756,1950)
(788,975)
(316,450)
(1699,213)
(296,839)
(425,106)
(1305,1417)
(1985,1825)
(1034,1215)
(1417,488)
(1737,566)
(1239,1506)
(1697,1481)
(839,1232)
(1867,1231)
(1493,1227)
(1661,619)
(541,511)
(1913,792)
(1061,286)
(1044,521)
(776,1858)
(1357,1606)
(1288,355)
(625,976)
(145,458)
(1086,1951)
(1444,390)
(20,746)
(1747,344)
(719,1247)
(541,1493)
(195,1988)
(1554,757)
(240,1713)
(1502,1135)
(1568,1423)
(334,469)
(269,923)
(1199,864)
(1040,925)
(1848,25)
(1121,123)
(1459,1627)
(581,799)
(420,1585)
(1652,1257)
(91,134)
(1172,1087)
(1875,1932)
(1706,1049)
(671,57)
(245,244)
(92,509)
(1884,792)
(609,583)
(421,1579)
(783,1514)
(208,880)
(1234,343)
(1958,526)
(386,1120)
(1797,1436)
(1720,781)
(1732,702)
(1083,1280)
(219,1262)
(721,214)
(736,1570)
(195,1656)
(962,267)
(759,1181)
(1601,666)
(923,1014)
(658,1932)
(1944,1033)
(1147,1934)
(979,216)
(1208,1415)
(1961,1180)
(758,445)
(158,1876)
(1473,566)
(1362,1451)
(1630,180)
(553,1064)
(518,240)
(1550,1115)
(1218,151)
(738,1997)
(1662,939)
(564,1502)
(1746,787)
(1130,552)
(140,1806)
(1842,17)
(1416,1509)
(1908,789)
(1743,1885)
(1928,731)
(662,1742)
(1935,3)
(1087,59)
(1162,1430)
(1157,1546)
(884,894)
(875,1997)
(1828,1497)
(1053,1275)
(1996,1413)
(7,976)
(1456,1787)
(1134,1049)
(1499,1585)
(953,1949)
(411,1)
(1895,137)
(878,695)
(1543,178)
(1320,1600)
(1078,106)
(633,1821)
(1399,1373)
(1969,1546)
(251,1041)
(692,1223)
(522,1562)
(1576,1740)
(1659,1213)
(544,85)
(391,1080)
(1233,410)
(1177,1213)
(1922,1991)
(1596,621)
(848,950)
(1961,897)
(400,511)
(321,1218)
(1950,645)
(1866,1119)
(882,978)
(920,958)
(32,1620)
(604,1972)
(277,1627)
(1421,1662)
(1647,1508)
(1213,266)
(301,1281)
(1968,1817)
(454,1212)
(466,552)
(577,1914)
(1635,1369)
(1959,1104)
(1220,518)
(458,1174)
(645,1005)
(1010,1220)
(709,1503)
(914,1456)
(1021,1988)
(1037,143)
(1396,1745)
(1299,1841)
(1641,1178)
(1005,1746)
(109,1852)
(1968,771)
(217,1509)
(751,707)
(587,765)
(1202,607)
(1844,463)
(6,1361)
(499,453)
(176,1977)
(549,891)
(122,803)
(910,1693)
(313,581)
(708,898)
(1826,552)
(1849,1870)
(985,484)
(777,428)
(301,599)
(1313,261)
(140,1283)
(977,408)
(862,1384)
(1765,719)
(264,260)
(1612,480)
(463,950)
(950,1648)
(1318,1349)
(1050,423)
(1289,35)
(615,1493)
(269,1884)
(604,1585)
(1312,1742)
(849,435)
(1557,1599)
(73,1110)
(1881,1653)
(1460,346)
(1722,1398)
(1212,1363)
(572,1329)
(840,1172)
(800,286)
(1370,1316)
(1965,734)
(1801,681)
(1367,232)
(10,1521)
(1837,511)
(752,635)
(1458,363)
(475,916)
(1464,1841)
(551,484)
(1536,1472)
(600,1431)
(1853,1280)
(1084,653)
(1897,1104)
(881,360)
(591,293)
(962,351)
(1142,1481)
(412,1764)
(385,706)
(1144,666)
(332,109)
(163,54)
(518,102)
(1239,1955)
(835,850)
(1953,1995)
(1319,278)
(966,372)
(1594,1007)
(1078,618)
(1124,1797)
(363,164)
(383,1884)
(990,427)
(1343,1180)
(885,1269)
(287,921)
(1188,716)
(853,769)
(1629,335)
(1242,214)
(1474,1576)
(940,1335)
(1399,455)
(456,1994)
(1679,1853)
(1418,1598)
(1849,688)
(772,1342)
(321,1486)
(1496,1509)
(1248,1788)
(687,765)
(1602,475)
(1059,922)
(1144,334)
(997,235)
(242,1951)
(956,135)
(1127,1336)
(1683,1226)
(1568,949)
(1217,434)
(163,1144)
(1092,204)
(1536,464)
(1719,1988)
(1531,1470)
(1077,1474)
(245,757)
(1569,255)
(655,1671)
(1036,598)
(197,8)
(1545,1943)
(1696,760)
(1740,853)
(1544,897)
(1719,1129)
(1829,418)
(43,1180)
(595,1528)
(752,1577)
(120,1685)
(1340,180)
(1859,1171)
(820,1041)
(370,1561)
(908,1921)
(226,376)
(732,1271)
(1893,968)
(64,687)
(1176,342)
(664,1141)
(1033,1441)
(809,630)
(1426,693)
(1131,470)
(1521,1802)
(530,1667)
(1117,401)
(868,611)
(1305,1605)
(175,66)
(939,560)
(1766,1426)
(283,857)
(462,1668)
(79,1391)
(1614,1848)
(1871,156)
(1138,1104)
(1721,1066)
(1206,1478)
(1951,1646)
(1820,1207)
(1498,50)
(359,261)
(1685,1167)
(1261,1105)
(1134,69)
(186,83)
(604,124)
(1670,831)
(1950,181)
(402,1715)
(602,1617)
(779,1775)
(131,916)
(1723,274)
(325,1537)
(1938,75)
(896,997)
(1629,28)
(693,709)
(639,186)
(1696,1629)
(1876,882)
(1543,50)
(1543,59)
(1685,320)
(108,350)
(1927,1709)
(878,964)
(1072,667)
(1818,216)
(228,624)
(1693,1043)
(1180,1385)
(361,1432)
(1602,1430)
(114,1971)
(504,717)
(1033,428)
(1774,330)
(1971,141)
(1148,956)
(952,168)
(985,283)
(160,1359)
(193,29)
(1681,1054)
(1616,1947)
(1650,1931)
(649,729)
(1143,1780)
(1230,370)
(989,1940)
(781,1794)
(515,37)
(920,1845)
(144,1889)
(1718,596)
(44,1441)
(868,279)
(23,1493)
(1225,1179)
(1746,822)
(1190,1827)
(1283,625)
(638,706)
(72,1363)
(27,223)
(1409,565)
(578,206)
(288,880)
(899,866)
(1578,1342)
(885,194)
(1299,96)
(1743,1772)
(84,1767)
(1128,1713)
(1950,1941)
(1602,1464)
(119,394)
(1737,1821)
(228,59)
(1247,1599)
(917,448)
(1286,1267)
(847,1056)
(1169,1000)
(1728,1226)
(1193,55)
(822,1414)
(1291,160)
(53,1697)
(1284,1047)
(859,1774)
(1590,1041)
(1039,386)
(151,546)
(546,576)
(337,1080)
(104,1120)
(765,1408)
(404,349)
(1719,200)
(237,239)
(675,81)
(1262,671)
(1463,1575)
(824,214)
(852,1643)
(1391,1133)
(196,436)
(12,893)
(496,586)
(1397,1746)
(170,760)
(1031,1422)
(1629,785)
(1962,649)
(1111,883)
(1298,939)
(1382,1783)
(1986,276)
(207,154)
(916,735)
(1355,783)
(1898,386)
(1217,94)
(787,261)
(807,830)
(565,232)
(103,357)
(1681,1977)
(1113,1602)
(91,484)
(990,1975)
(1533,284)
(97,1710)
(731,1512)
(751,756)
(1287,65)
(254,899)
(545,239)
(1033,824)
(806,579)
(933,1429)
(952,417)
(1432,1844)
(751,439)
(494,270)
(1396,1051)
(104,480)
(910,285)
(1254,1971)
(136,1901)
(1659,1495)
(167,421)
(1436,520)
(285,225)
(494,652)
(794,1085)
(1533,1818)
(786,1516)
(1584,1925)
(197,1363)
(544,964)
(466,1741)
(1389,1674)
(1214,1666)
(1501,825)
(302,223)
(578,426)
(1151,907)
(1671,12)
(1810,1260)
(137,1143)
(1882,1167)
(445,1972)
(567,690)
(1069,1458)
(1541,1316)
(1886,1327)
(823,391)
(1935,795)
(504,1281)
(1933,986)
(738,788)
(297,927)
(723,1892)
(1866,918)
(905,1787)
(599,31)
(1193,694)
(515,526)
(452,1636)
(735,907)
(835,471)
(1790,1850)
(675,933)
(1181,1437)
(1388,64)
(1712,483)
(1037,447)
(1911,1731)
(1657,1154)
(1141,1923)
(260,443)
(1998,754)
(266,323)
(1707,795)
(349,1331)
(783,1919)
(560,464)
(1233,127)
(140,48)
(942,290)
(222,372)
(1213,1811)
(956,562)
(1596,1327)
(1024,811)
(183,1418)
(1215,479)
(916,223)
(81,38)
(653,502)
(389,1856)
(287,426)
(622,370)
(773,662)
(1854,1300)
(1741,80)
(1997,1605)
(562,1457)
(268,1640)
(1545,1596)
(663,1699)
(1686,1924)
(1235,749)
(675,845)
(798,356)
(937,1145)
(1166,1408)1946,187
538,1990
1164,1081
1226,945
562,1169
1562,769
342,19
1086,1693
1014,1159
1023,1077
349,1028
320,840
1112,1547
502,514
822,408
5,1032
1986,16
69,1834
1654,1660
622,514
216,329
1379,1697
1767,1923
1461,368
786,843
1106,1954
953,740
1987,15
1831,271
845,1877
1480,1737
983,756
1468,30
108,111
531,143
327,1655
1417,466
510,1896
376,1434
1193,1056
398,1656
1154,1824
1378,29
205,1105
383,647
1794,1143
1998,469
683,1169
389,1542
581,106
1334,460
474,1070
370,1262
1803,1741
716,348
1094,1600
729,42
392,1925
1045,765
491,547
264,1169
346,385
809,466
670,1628
195,61
943,477
1046,695
1884,1856
1613,1451
1128,1000
780,1666
966,288
1371,554
890,271
1409,503
422,489
1819,39
959,1011
616,378
365,1201
7,1412
1956,201
1194,1047
713,1708
1862,1808
1752,356
1267,1911
862,197
966,382
1351,236
1950,1258
1672,1987
571,1045
615,836
607,412
560,1060
1403,434
1547,887
1660,209
1980,671
1512,159
1676,1919
367,1908
276,82
1039,1614
415,1508
852,1179
1034,1639
160,1734
1369,1258
1409,1710
657,240
338,1172
63,1173
1085,1170
516,559
112,247
88,607
1089,1243
1109,1687
1400,499
1390,1693
360,1861
756,960
1438,1634
1886,602
284,1572
845,559
724,105
801,430
1566,1907
380,1030
955,447
169,1086
419,1490
316,1456
697,1591
1580,1516
68,1133
1394,757
779,763
1644,1720
1588,556
963,794
1160,1468
112,896
895,334
1104,578
1218,782
1867,1185
304,1479
1070,634
146,892
1767,1294
872,1586
1333,480
423,1289
1850,925
430,1973
1612,584
1827,1741
1344,1509
1928,1909
151,1721
1192,310
225,1090
501,1310
747,33
108,1175
974,997
174,37
699,792
1328,73
144,1850
1009,1930
812,1864
700,1983
90,957
1738,1769
249,1454
971,433
1552,1881
1526,70
1412,1699
334,276
1738,1725
1192,1597
1867,659
269,803
373,1917
965,452
1947,913
1201,727
402,378
1060,1410
493,1509
1852,988
1177,1642
826,441
1638,1757
1508,194
1996,1826
214,639
1485,1869
1646,736
499,1554
1828,1641
1361,1294
287,224
337,372
1861,117
710,8
736,820
1911,1130
307,1788
114,868
1002,803
105,1064
75,1534
1429,599
318,1950
1702,335
1382,758
577,1508
1476,1134
494,524
1141,1821
599,426
1822,21
1908,1838
115,1133
1229,1760
1239,1723
1590,178
1239,1746
539,1328
1880,78
8,85
1228,1640
176,765
1684,463
160,1404
1264,1260
317,1911
33,136
961,1977
1931,1501
640,219
1415,1390
1261,704
386,609
907,804
825,1810
244,683
1909,1993
1177,1346
1895,1445
1521,1859
673,1523
1230,103
1105,1060
856,1507
1880,328
761,1651
389,101
972,1309
857,165
8,1451
1718,796
92,1303
88,622
1494,1875
57,1846
1187,336
1143,1985
649,58
242,1184
402,301
1006,1850
288,719
370,106
673,1363
1725,142
1273,480
1909,1620
14,686
485,7
1961,1315
215,1603
1151,844
882,1752
306,1331
903,997
437,526
913,1638
1421,1664
1855,375
1830,1587
1054,419
1316,107
1687,1264
1323,558
887,802
109,1612
567,567
218,1454
700,638
1460,384
532,1914
839,1044
1779,1298
41,1514
34,677
523,1119
703,1617
1069,1595
369,1861
1689,1330
1433,1604
1059,774
689,113
285,1913
851,1015
1605,1034
1306,1018
201,1506
75,1343
156,212
1140,659
922,1731
154,1030
337,1251
393,559
1180,1546
888,1957
569,1347
1583,208
541,1992
1228,296
241,1300
359,121
960,775
1355,627
1129,108
212,217
1582,336
0,344
460,842
1249,1303
136,1643
13,1276
414,1574
669,1517
416,1389
995,976
912,841
1179,179
149,27
1330,49
1235,431
1397,654
201,107
166,1330
1472,1491
1379,265
1243,1592
681,1983
1253,49
1495,660
1690,1188
1182,1419
1742,1055
661,1363
879,251
811,733
827,148
287,1049
1645,1246
171,1515
1765,510
951,1897
1601,1092
970,1750
1183,1589
(1917,914)
(1439,811)
(15,1122)
(1391,1133)
(1491,1352)
(52,1290)
(1254,1948)
(240,75)
(471,299)
(1281,84)
(691,363)
(1488,1134)
(307,119)
(774,846)
(730,1672)
(1258,719)
(1028,1202)
(359,1778)
(80,1573)
(1366,1671)
(1933,1038)
(644,1566)
(1901,1202)
(1627,1318)
(540,1308)
(1030,779)
(757,1213)
(967,425)
(1364,1269)
(1069,1483)
(795,1760)
(1399,1240)
(677,646)
(1438,1375)
(1233,1071)
(1954,1288)
(210,1975)
(1526,187)
(1724,1547)
(340,1483)
(758,1639)
(1430,524)
(294,608)
(649,359)
(510,1649)
(599,1559)
(1047,1143)
(919,1103)
(207,1516)
(936,1055)
(1362,14)
(233,1252)
(148,465)
(538,1404)
(1014,537)
(579,236)
(746,787)
(610,692)
(208,1266)
(850,490)
(1471,1912)
(1941,306)
(1104,1390)
(1578,203)
(826,949)
(1262,1174)
(645,1671)
(1872,1783)
(319,1781)
(920,460)
(1937,663)
(393,944)
(357,139)
(1888,1104)
(623,1426)
(88,321)
(873,844)
(888,1010)
(1666,952)
(140,1448)
(1582,197)
(112,1315)
(1666,72)
(1407,1057)
(1811,143)
(1930,1635)
(121,24)
(1810,1240)
(1185,1770)
(126,1294)
(1506,936)
(179,818)
(1145,653)
(791,1200)
(1806,321)
(1755,1840)
(909,785)
(1541,1803)
(960,608)
(292,1591)
(144,1858)
(354,1313)
(1303,124)
(394,177)
(826,373)
(320,886)
(405,1455)
(1790,953)
(635,1704)
(357,871)
(129,1421)
(1051,1044)
(1507,209)
(1956,225)
(509,1541)
(1757,1961)
(1116,1029)
(823,1103)
(1602,1243)
(878,319)
(1250,1238)
(197,1772)
(1901,1984)
(1840,1717)
(1058,259)
(1967,988)
(1740,298)
(1786,1338)
(1952,1230)
(480,357)
(270,38)
(653,611)
(1154,985)
(567,1963)
(165,10)
(967,1247)
(304,503)
(1513,1431)
(1057,1053)
(717,396)
(1947,1887)
(1796,1106)
(1420,417)
(377,41)
(1255,1101)
(1211,300)
(512,1524)
(1588,126)
(1667,991)
(171,63)
(585,1729)
(1097,1966)
(812,753)
(889,985)
(1068,392)
(1004,327)
(126,554)
(1506,744)
(1156,1700)
(1568,57)
(412,216)
(386,1986)
(107,1715)
(1405,624)
(680,1946)
(1930,1256)
(1738,1954)
(333,350)
(1156,490)
(127,1455)
(1741,1941)
(1247,240)
(1164,966)
(1975,757)
(211,959)
(671,235)
(1760,870)
(417,377)
(1174,563)
(1883,1153)
(1999,749)
(1797,822)
(1590,328)
(1673,272)
(1039,174)
(573,1214)
(1271,1239)
(1383,1354)
(30,1274)
(521,26)
(1602,1122)
(1374,1459)
(52,1462)
(1715,375)
(492,923)
(1786,636)
(987,430)
(678,873)
(1856,1754)
(906,1442)
(1536,1837)
(309,579)
(1532,131)
(509,1219)
(734,533)
(1424,707)
(858,981)
(1041,761)
(513,237)
(161,577)
(665,78)
(985,732)
(874,1542)
(1731,94)
(1970,1927)
(1454,14)
(1068,1123)
(319,1589)
(1001,1003)
(410,644)
(394,346)
(1362,751)
(1045,1000)
(1745,1145)
(1829,375)
(1285,1804)
(1342,512)
(1037,1470)
(1037,1423)
(801,770)
(1766,1294)
(470,676)
(18,916)
(561,1198)
(1889,723)
(222,1877)
(251,1886)
(1893,1086)
(1281,858)
(581,532)
(1570,606)
(1027,399)
(1059,265)
(1568,1290)
(607,1408)
(820,448)
(310,1016)
(1254,194)
(1534,1542)
(1188,1750)
(1225,216)
(775,1114)
(1780,1006)
(888,917)
(1540,299)
(1199,38)
(1791,1627)
(1235,873)
(1402,1066)
(1524,602)
(1004,572)
(1812,258)
(1056,207)
(964,683)
(1377,921)
(1217,1319)
(1472,568)
(1076,1358)
(1998,1370)
(536,143)
(721,159)
(1764,1066)
(1363,1985)
(346,1375)
(823,1917)
(1228,1946)
(34,1355)
(770,1194)
(571,1064)
(1739,292)
(257,1300)
(1672,1781)
(1792,1760)
(767,141)
(680,1342)
(1492,580)
(65,810)
(1361,1069)
(335,1376)
(1285,1397)
(1052,715)
(320,176)
(1383,1459)
(915,27)
(1208,601)
(871,1569)
(212,276)
(1795,886)
(1916,1386)
(1107,1406)
(1452,1028)
(1210,1667)
(1141,1946)
(564,1734)
(388,529)
(341,69)
(1690,740)
(1712,598)
(612,1651)
(841,1227)
(325,653)
(416,515)
(961,846)
(405,547)
(184,1125)
(35,272)
(523,1928)
(1979,424)
(1735,1848)
(31,910)
(547,1353)
(1494,1369)
(1822,374)
(632,45)
(331,1478)
(1812,67)
(1374,997)
(311,1992)
(324,1666)
(759,747)
(1145,1908)
(1265,1796)
(1338,1563)
(855,1471)
(1002,661)
(307,1678)
(1964,83)
(96,1241)
(679,1403)
(856,447)
(936,1696)
(1046,1192)
(1941,1804)
(1105,898)
(1584,910)
(1306,303)
(1498,651)
(945,1738)
(1028,1085)
(1945,438)
(1617,612)
(1725,1558)
(516,908)
(1170,181)
(226,317)
(674,417)
(1251,841)
(1520,27)
(779,1982)
(1842,1754)
(1862,1764)
(1057,1845)
(1127,424)
(1931,593)
(756,536)
(1261,1001)
(1486,1553)
(1407,502)
(907,1894)
(1713,1605)
(1108,1416)
(1248,570)
(1976,700)
(21,244)
(1804,82)
(1039,806)
(1400,140)
(456,1959)
(1367,1438)
(85,1235)
(1370,1416)
(609,733)
(1608,272)
(1305,1858)
(1520,1837)
(1330,1783)
(1178,1572)
(1353,876)
(975,440)
(1703,1393)
(1289,327)
(1663,1669)
(815,938)
(344,754)
(1246,1932)
(913,859)
(812,163)
(1470,1881)
(406,1155)
(544,1386)
(1386,1440)
(672,183)
(1903,1462)
(584,1190)
(1133,1188)
(729,1648)
(1958,1354)
(1548,454)
(739,166)
(12,972)
(27,1486)
(754,190)
(1005,1037)
(733,1368)
(65,1517)
(65,1391)
(531,27)
(1815,1617)
(556,1950)
(581,1330)
(1920,159)
(555,478)
(666,783)
(607,310)
(1438,1887)
(674,606)
(527,1663)
(358,85)
(1396,1450)
(1339,93)
(1787,708)
(193,608)
(1932,1384)
(548,1705)
(1984,1623)
(606,67)
(444,235)
(1300,1160)
(912,712)
(563,1351)
(815,1544)
(251,1114)
(1229,1486)
(672,1802)
(409,161)
(1186,759)
(804,1457)
(1136,1923)
(281,296)
(1924,1699)
(9,1306)
(1472,1102)
(790,1126)
(1435,23)
(209,354)
(135,1477)
(540,284)
(484,1052)
(1270,894)
(1395,1210)
(1704,1752)
(844,145)
(1876,875)
(325,1234)
(1616,62)
(581,1646)
(950,1393)
(1456,1842)
(1159,274)
(1104,1223)
(1334,598)
(1600,1570)
(888,1506)
(316,110)
(1719,1935)
(1941,1133)
(759,1628)
(1295,129)
(1983,1499)
(500,1709)
(1872,1720)
(1238,723)
(1292,1465)
(154,602)
(1329,1950)
(324,873)
(1012,763)
(333,1114)
(1420,1395)
(944,1470)
(851,573)
(1206,113)
(272,462)
(269,1056)
(1283,564)
(1140,1620)
(1456,464)
(1279,1824)
(877,1112)
(37,45)
(1185,1746)
(1559,1411)
(1368,768)
(1494,1282)
(1057,387)
(1487,569)
(896,303)
(839,757)
(1813,526)
(874,1661)
(738,938)
(260,219)
(1421,858)
(876,1185)
(1899,1992)
(1749,1677)
(1534,181)
(1081,531)
(392,704)
(411,1446)
(707,599)
(1467,692)
(1326,393)
(33,160)
(558,364)
(1851,927)
(1567,639)
(580,722)
(715,60)
(127,1480)
(1171,1663)
(1018,764)
(268,530)
(897,1058)
(1408,1977)
(1767,1238)
(1979,654)
(1076,875)
(1174,778)
(404,478)
(891,1216)
(862,928)
(270,236)
(1129,1784)
(1037,1245)
(1554,760)
(1733,1491)
(1311,1186)
(1567,1891)
(1387,1214)
(149,345)
(1622,1819)
(1152,1753)
(767,502)
(1677,378)
(586,885)
(1022,300)
(116,385)
(1520,562)
(1424,286)
(1920,469)
(106,1688)
(996,1182)
(666,1785)
(1923,1005)
(619,1518)
(1612,1027)
(1692,1744)
(1040,650)
(80,1302)
(826,919)
(1790,1372)
(56,1500)
(1122,1186)
(866,685)
(90,1039)
(388,260)
(855,1590)
(446,111)
(1815,45)
(1156,1882)
(1683,1784)
(1425,327)
(734,1571)
(0,923)
(1787,1416)
(631,709)
(1264,1835)
(1350,1849)
(1990,1279)
(353,358)
(140,755)
(1318,839)
(1138,997)
(613,784)
(1901,626)
(1879,1440)
(1268,366)
(1231,521)
(307,1013)
(419,605)
(542,1724)
(1639,1232)
(1308,1655)
(1320,1982)
(211,1669)
(1544,151)
(1996,1659)
(648,103)
(853,1620)
(773,1918)
(508,1543)
(1177,268)
(21,1008)
(443,1336)
(664,1737)
(664,1942)
(1579,1040)
(1871,1143)
(1593,572)
(362,1523)
(1610,183)
(934,159)
(1069,1903)
(853,1998)
(1697,42)
(73,139)
(1276,627)
(1730,327)
(1977,313)
(1354,1530)
(329,1436)
(1939,1050)
(462,622)
(761,940)
(209,1901)
(1886,363)
(262,1045)
(188,945)
(1354,1479)
(979,1375)
(1568,1115)
(927,878)
(1212,1473)
(581,433)
(1489,670)
(385,1535)
(195,666)
(211,825)
(789,68)
(337,129)
(1701,1610)
(861,23)
(1292,1959)
(386,142)
(733,773)
(103,255)
(1730,480)
(431,953)
(931,1647)
(339,137)
(1909,1204)
(793,36)
(666,272)
(916,1284)
(1986,33)
(615,1930)
(100,1196)
(1372,1427)
(663,1218)
(1966,174)
(114,694)
(493,3)
(1532,1294)
(1624,317)
(1005,1885)
(794,1662)
(1701,15)
(1866,244)
(1427,689)
(538,1790)
(258,1715)
(1300,1124)
(1044,1185)
(26,1748)
(113,98)
(1011,1967)
(27,742)
(1551,599)
(859,594)
(850,1209)
(285,364)
(1335,1390)
(827,808)
(1881,283)
(375,637)
(902,132)
(1561,125)
(1972,36)
(1492,1976)
(517,1571)
(1059,1564)
(761,660)
(891,812)
(1576,1771)
(1837,1787)
(826,131)
(1766,752)
(1158,862)
(1423,313)
(430,1708)
(140,807)
(414,1743)
(1143,1568)
(354,922)
(1159,17)
(1222,1300)
(125,245)
(1053,33)
(1828,422)
(1070,1848)
(466,1817)
(1125,976)
(1309,110)
(1249,838)
(1743,179)
(716,1150)
(339,731)
(591,1851)
(1167,1367)
(1059,665)
(1806,508)
(1643,352)
(945,787)
(1462,844)
(1425,1086)
(1335,1869)
(320,684)
(190,547)
(1438,1129)
(793,178)
(1165,1952)
(1290,1186)
(271,1543)
(295,289)
(457,1251)
(494,859)
(1116,1725)
(334,350)
(1345,19)
(1848,49)
(531,1387)
(1580,1209)
(431,321)
(257,1176)
(35,1736)
(500,1892)
(1437,1238)
(1720,770)
(521,1402)
(453,758)
(1443,1845)
(1838,1023)
(1866,1539)
(349,613)
(378,760)
(50,914)
(1242,695)
(1376,1578)
(1875,346)
(1708,752)
(1427,1102)
(1092,1984)
(1419,1323)
(1350,615)
(1472,1178)
(187,972)
(1687,213)
(1818,1094)
(1687,1188)
(1442,1271)
(641,1028)
(1303,1642)
(1612,471)
(306,1076)
(6,104)
(1204,603)
(130,891)
(1674,962)
(1384,1545)
(1181,1426)
(874,775)
(1294,251)
(629,1445)
(1372,548)
(1429,1552)
(303,1649)
(1600,747)
(1965,1747)
(257,321)
(678,1247)
(1038,296)
(1336,772)
(1660,498)
(835,207)
(1563,600)
(949,1642)
(1331,1472)
(1134,1966)
(1037,217)
(1644,1592)
(360,1038)
(1582,1891)
(558,717)
(1653,1456)
(1756,512)
(1779,1095)
(140,1932)
(338,863)
(1738,576)
(1621,789)
(97,1070)
(1599,704)
(1644,1015)
(450,1898)
(1346,417)
(1624,1478)
(533,1888)
(946,89)
(932,1714)
(1744,63)
(1669,63)
(112,1446)
(455,653)
(1608,222)
(1858,1020)
(1838,296)
(1858,846)
(85,354)
(1857,1916)
(1842,1523)
(415,59)
(1859,1233)
(815,1418)
(1248,27)
(1785,1852)
(1037,1012)
(950,159)
(1362,1369)
(1937,623)