(730,535)
(1180,1333)
(1818,32)
(1903,175)
(1262,142)
(1905,26)
(1917,1865)
(1812,564)
(585,1711)
(1703,1539)
(1736,1201)
(861,1046)
(1450,1192)
(477,1373)
(1121,134)
(1731,927)
(984,1360)
(434,1803)
(490,1958)
(627,537)
(1703,314)
(654,838)
(1536,1751)
(674,1424)
(38,1997)
(146,1227)
(1215,332)
(222,1307)
(1032,333)
(429,568)
(1257,70)
(1572,402)
(947,921)
(1879,741)
(347,1802)
(1736,1354)
(123,1880)
(1509,1304)
(1888,7)
(1510,452)
(1451,1717)
(981,731)
(696,315)
(1773,1452)
(1515,707)
(952,1451)
(764,703)
(477,1556)
(1860,865)
(673,1721)
(1659,829)
(1604,716)
(1811,1398)
(988,794)
(206,5)
(1702,247)
(1763,1361)
(519,527)
(104,1685)
(170,1056)
(638,673)
(888,229)
(989,964)
(1128,811)
(467,87)
(1844,750)
(991,796)
(828,2)
(51,483)
(1699,750)
(1971,235)
(1097,235)
(390,1810)
(476,1712)
(1643,1449)
(1320,1099)
(268,163)
(1344,772)
(707,949)
(1165,393)
(212,520)
(1368,387)
(1648,825)
(1100,1296)
(1979,1278)
(1253,1420)
(438,1794)
(190,1623)
(718,42)
(1480,155)
(1433,1653)
(1144,278)
(1182,1080)
(717,1436)
(591,1574)
(1883,233)
(949,1519)
(534,1340)
(1631,437)
(1293,140)
(869,1791)
(549,1019)
(1326,723)
(407,1581)
(1430,1914)
(1567,786)
(1496,1534)
(1206,1077)
(1622,386)
(1228,259)
(923,61)
(269,335)
(1885,1165)
(1591,337)
(1809,845)
(268,1339)
(1568,1559)
(191,1828)
(344,1362)
(384,875)
(1664,749)
(1693,625)
(1065,383)
(1781,1268)
(935,1677)
(416,1735)
(368,913)
(1490,1503)
(455,1090)
(50,910)
(1891,1551)
(761,1580)
(1334,1375)
(375,1496)
(1177,1405)
(1508,434)
(368,1959)
(1089,710)
(726,208)
(1993,1689)
(734,1003)
(181,1844)
(181,53)
(438,1103)
(1308,32)
(1145,262)
(60,359)
(1131,1383)
(158,1892)
(1296,437)
(1817,14)
(1717,447)
(729,535)
(198,158)
(53,1225)
(1140,1376)
(204,1495)
(996,660)
(41,396)
(665,607)
(1884,816)
(1554,254)
(710,675)
(404,627)
(1841,1973)
(1330,1975)
(1120,22)
(186,947)
(1529,1419)
(1013,1566)
(1823,1794)
(831,490)
(573,131)
(1462,41)
(1553,724)
(1951,118)
(1053,1482)
(1580,472)
(1273,793)
(1258,666)
(239,768)
(1689,1524)
(502,545)
(1840,712)
(1720,84)
(1936,573)
(1743,60)
(642,576)
(751,1443)
(946,1603)
(1229,1034)
(329,920)
(1861,1629)
(1272,1963)
(1433,1267)
(1706,1903)
(433,674)
(626,882)
(1886,523)
(1970,229)
(1217,746)
(1098,1549)
(903,1927)
(243,203)
(957,986)
(1322,1618)
(10,1879)
(1313,1981)
(1641,391)
(660,1221)
(417,1503)
(1009,932)
(1835,803)
(1808,784)
(1479,1454)
(1909,1143)
(1464,1275)
(31,261)
(1321,1551)
(780,255)
(276,1459)
(532,1343)
(707,205)
(711,1129)
(1059,102)
(1701,145)
(1903,835)
(1322,778)
(1105,1389)
(842,1837)
(743,214)
(181,1309)
(1581,1105)
(468,1256)
(510,688)
(210,758)
(1791,1125)
(278,1029)
(1632,865)
(1666,1641)
(229,1450)
(970,1330)
(812,1771)
(560,1066)
(1035,1522)
(1208,1062)
(1814,77)
(666,788)
(1857,717)
(1041,1388)
(1339,1219)
(291,460)
(1890,830)
(372,1824)
(131,1351)
(1147,1760)
(1349,147)
(419,199)
(1370,270)
(57,1091)
(522,1595)
(1845,1405)
(1729,1320)
(1634,1756)
(998,1220)
(881,883)
(1279,1248)
(1853,1002)
(1637,1553)
(1521,349)
(1798,1850)
(28,1239)
(348,1025)
(1955,75)
(335,99)
(1051,1130)
(356,201)
(1581,48)
(5,1177)
(554,934)
(212,1139)
(810,1656)
(1245,653)
(1521,1663)
(1110,1260)
(522,423)
(1703,1358)
(1978,296)
(648,933)
(1106,860)
(616,1953)
(670,1106)
(1123,1019)
(872,989)
(1554,1426)
(808,954)
(1923,1333)
(603,1946)
(90,290)
(272,1952)
(1272,1740)
(128,115)
(867,1003)
(363,801)
(1272,925)
(1092,1052)
(1537,414)
(705,1325)
(313,840)
(1234,1757)
(1796,892)
(538,588)
(1392,1922)
(1945,1958)
(80,1803)
(1671,1429)
(388,203)
(230,442)
(1400,1027)
(1798,1171)
(1817,731)
(1998,958)
(1807,1802)
(1384,1520)
(1653,84)
(1349,1377)
(252,1604)
(697,728)
(818,1796)
(379,1681)
(812,304)
(646,1474)
(765,131)
(1420,1698)
(416,827)
(508,751)
(1465,257)
(951,1777)
(1609,500)
(424,448)
(465,705)
(608,82)
(1459,1260)
(639,1012)
(1876,262)
(529,359)
(1826,332)
(1800,1823)
(1922,1005)
(1785,1131)
(166,939)
(1698,1837)
(1614,1029)
(1867,1905)
(166,538)
(1012,1871)
(1872,1899)
(711,67)
(1566,148)
(1517,1282)
(1395,623)
(1830,838)
(50,554)
(517,1407)
(700,388)
(263,1785)
(1352,12)
(930,634)
(1810,1780)
(58,353)
(698,567)
(157,159)
(67,923)
(655,343)
(142,919)
(836,573)
(451,379)
(550,627)
(1011,31)
(1614,970)
(270,755)
(747,732)
(616,1499)
(1762,458)
(17,1603)
(431,1752)
(1591,1028)
(1318,1077)
(116,439)
(1877,1602)
(1484,404)
(1060,686)
(1152,1557)
(1409,301)
(729,776)
(1831,425)
(459,1879)
(107,894)
(983,541)
(786,1503)
(168,1632)
(1206,1234)
(1677,1175)
(974,1842)
(319,1038)
(727,186)
(1965,1410)
(214,1201)
(1269,1533)
(72,674)
(872,1508)
(1153,1755)
(627,1962)
(61,967)
(1136,1339)
(357,1039)
(597,901)
(127,830)
(1968,933)
(1840,69)
(532,1969)
(1789,1319)
(878,609)
(1661,154)
(135,908)
(413,1288)
(1323,345)
(1016,1377)
(368,1044)
(372,538)
(1754,563)
(1609,957)
(211,467)
(1728,847)
(933,1950)
(703,1331)
(511,1626)
(1587,855)
(80,448)
(58,1539)
(254,1632)
(443,1409)
(595,1607)
(1440,167)
(1223,1671)
(1409,310)
(1559,1709)
(1897,900)
(1211,224)
(21,1488)
(929,1529)
(1071,1710)
(1447,1414)
(1511,882)
(1546,1199)
(922,294)
(943,1158)
(62,1819)
(1832,1221)
(1835,358)
(1647,1720)
(1361,116)
(677,404)
(900,555)
(1394,1559)
(1179,865)
(400,1997)
(1312,496)
(1757,362)
(852,1764)
(569,603)
(109,730)
(750,1453)
(233,1750)
(1514,1664)
(250,1732)
(1767,1630)
(1895,879)
(32,218)
(263,205)
(1,1493)
(1885,1976)
(959,110)
(315,904)
(1019,210)
(1906,1335)
(1913,44)
(594,93)
(1464,845)
(353,1227)
(1194,1667)
(1739,76)
(1203,1156)
(883,873)
(521,1179)
(1832,191)
(838,526)
(119,1399)
(525,489)
(1253,358)
(350,215)
(1265,149)
(1770,925)
(490,1520)
(42,948)
(590,1976)
(1052,1337)
(31,1293)
(652,396)
(807,1078)
(394,174)
(1180,938)
(1852,1129)
(343,297)
(1803,156)
(691,734)
(338,1612)
(947,1116)
(1430,1604)
(181,577)
(1701,42)
(357,820)
(1389,109)
(294,1042)
(306,576)
(886,541)
(665,1064)
(1814,1435)
(428,913)
(408,180)
(941,1938)
(985,74)
(1237,1564)
(287,1710)
(1042,1965)
(1118,18)
(1357,449)
(1274,1863)
(1225,943)
(1105,1597)
(888,1962)
(134,1802)
(1452,1958)
(516,1247)
(271,311)
(1542,359)
(1136,1822)
(34,1798)
(837,790)
(1494,1139)
(849,1260)
(1617,1121)
(1364,1474)
(1951,1314)
(1938,1618)
(1336,940)
(781,1917)
(1928,1506)
(410,1005)
(1022,1966)
(244,1142)
(978,985)
(702,1799)
(1214,100)
(1346,236)
(1722,1970)
(631,1783)
(1774,677)
(931,559)
(1846,1958)
(1536,1910)
(1264,549)
(381,1138)
(1425,1118)
(1486,325)
(412,856)
(1842,1641)
(172,1988)
(343,92)
(1366,189)
(1016,1116)
(1871,731)
(402,980)
(1843,1323)
(174,114)
(1517,1934)
(782,1838)
(1878,290)
(1540,1274)
(1935,855)
(963,1774)
(1139,305)
(833,1323)
(479,1775)
(443,1333)
(1395,1660)
(576,1898)
(314,124)
(75,76)
(157,1514)
(521,1552)
(532,1596)
(78,228)
(1630,573)
(1998,1181)
(1448,157)
(809,1488)
(700,450)
(0,513)
(986,988)
(1764,1896)
(393,1231)
(621,37)
(1794,1797)
(1507,26)
(1622,1462)
(544,1565)
(1019,1738)
(1678,1034)
(574,303)
(1849,1543)
(518,664)
(209,1440)
(846,1404)
(846,184)
(1416,329)
(612,1349)
(1362,1677)
(1775,1129)
(1539,1019)
(1758,261)
(1682,1798)
(1321,238)
(1604,1901)
(1162,1087)
(66,1471)
(1861,292)
(1660,1408)
(591,1640)
(482,350)
(1609,844)
(41,1519)
(1613,1694)
(969,1844)
(1229,299)
(151,16)
(964,350)
(567,279)
(1248,1201)
(67,1382)
(104,1017)
(1087,379)
(980,1727)
(1307,256)
(183,613)
(1371,1053)
(354,812)
(402,1075)
(1158,180)
(1313,1658)
(343,483)
(1767,188)
(742,1579)
(125,887)
(1104,1763)
(950,705)
(339,1071)
(143,424)
(599,1587)
(1255,110)
(1942,362)
(1191,1922)
(1741,964)
(61,94)
(1918,351)
(1498,595)
(1033,1906)
(798,1577)
(1730,1435)
(1241,64)
(863,1441)
(308,494)
(1925,1531)
(1186,99)
(931,1192)
(894,1667)
(124,492)
(135,842)
(347,1370)
(1635,252)
(1631,99)
(473,944)
(503,1965)
(1935,1609)
(1498,668)
(1137,250)
(787,59)
(116,1160)
(662,1126)
(389,957)
(219,1401)
(325,894)
(1037,757)
(986,1460)
(540,1565)
(1516,317)
(216,1537)
(517,869)
(1095,882)
(1319,788)
(1580,1985)
(1225,1307)
(1854,229)
(853,262)
(1657,1750)
(1350,1518)
(1288,211)
(514,768)
(1025,66)
(1262,542)
(1847,879)
(1660,54)
(25,972)
(68,749)
(689,1858)
(976,98)
(1564,1957)
(399,376)
(388,1707)
(633,1701)
(1521,438)
(33,1811)
(465,874)
(181,89)
(1700,846)
(1995,895)
(538,596)
(1799,1208)
(1305,1425)
(1564,510)
(1088,1422)
(711,582)
(1185,263)
(1707,402)
(170,73)
(772,1210)
(1217,543)
(749,1611)
(691,1942)
(1473,908)
(463,1121)
(1443,317)
(1165,1328)
(1928,1008)
(312,679)
(1718,1509)
(1624,1311)
(1425,1721)
(1888,930)
(1576,357)
(58,1701)
(1283,1527)
(610,602)
(150,1564)
(915,1590)
(974,1448)
(469,307)
(1353,338)
(650,910)
(1519,1689)
(64,1812)
(1970,1387)
(1469,1086)
(592,873)
(1335,701)
(1886,712)
(1596,1382)
(720,202)
(1869,1481)
(260,704)
(1731,52)
(1575,1392)
(558,489)
(1869,1643)
(41,825)
(164,1961)
(1306,1967)
(581,995)
(415,679)
(167,1395)
(977,52)
(910,1653)
(126,605)
(1458,40)
(1807,1190)
(307,1596)
(1165,1142)
(108,1531)
(1064,1431)
(1185,1788)
(1652,549)
(208,1924)
(238,124)
(651,1227)
(1426,1749)
(1147,648)
(18,171)
(115,1418)
(692,640)
(1275,1648)
(666,1052)
(408,1475)
(529,1012)
(534,1306)
(236,179)
(955,1972)
(1972,1863)
(1591,1330)
(1326,418)
(929,1955)
(210,944)
(1624,1708)
(941,1069)
(732,701)
(1248,1450)
(440,1065)
(149,152)
(974,1075)
(1874,107)
(427,129)
(754,1433)
(1065,823)
(1060,300)
(1217,1021)
(1219,1384)
(1495,413)
(1147,418)
(1142,800)
(452,167)
(1924,1023)
(96,734)
(915,992)
(1026,362)
(1870,1715)
(1034,931)
(1965,341)
(1320,563)
(1343,1236)
(1483,611)
(1617,590)
(484,1096)
(1906,1299)
(1105,7)
(351,1245)
(408,559)
(1952,201)
(751,979)
(1371,382)
(1525,63)
(1200,1293)
(1713,561)
(32,1062)
(559,850)
(419,221)
(443,362)
(302,222)
(107,1754)
(1658,63)
(294,1407)
(949,1763)
(256,1731)
(1632,1031)
(1620,196)
(322,1407)
(1729,348)
(1991,1237)
(1040,1267)
(1358,32)
(1261,775)
(1789,1037)
(1082,1849)
(511,1218)
(806,997)
(256,1959)
(792,37)
(534,978)
(274,395)
(1442,1655)
(1329,868)
(834,765)
(1844,1104)
(1223,198)
(925,1705)
(1152,1318)
(497,582)
(1666,1615)
(1532,1573)
(1007,1587)
(22,31)
(239,1462)
(562,1413)
(1223,1105)
(644,51)
(634,1969)
(1930,381)
(1076,92)
(1695,1798)
(1471,151)
(491,1239)
(1772,637)
(1321,480)
(1454,555)
(1766,1396)
(1077,938)
(1403,670)
(561,1664)
(247,1978)
(1649,1969)
(187,496)
(449,1459)
(1728,984)
(1144,1841)
(357,1574)
(1671,201)
(559,4)
(1819,1612)
(903,716)
(730,93)
(1930,251)
(1368,1647)
(1833,1631)
(152,1216)
(948,1489)
(319,1978)
(1960,1750)
(114,124)
(761,1279)
(476,491)
(553,394)
(306,1445)
(332,595)
(354,723)
(1917,1718)
(1530,1482)
(1955,1334)
(1910,1840)
(478,1124)
(1138,639)
(380,1867)
(294,1257)
(1211,203)
(338,1738)
(577,1987)
(1672,735)
(671,674)
(749,687)
(97,944)
(281,344)
(13,247)
(789,644)
(1900,1216)
(988,3)
(114,489)
(343,1787)
(1475,718)
(303,200)
(729,818)
(657,1483)
(678,340)
(148,1238)
(71,532)
(817,748)
(1027,1983)
(1809,1736)
(969,1011)
(616,779)
(1025,1873)
(1267,508)
(1425,1357)
(1599,1138)
(1299,195)
(1475,1006)
(1469,142)
(1806,978)
(1002,361)
(1504,993)
(297,1525)
(1380,68)
(135,127)
(1746,1094)
(1892,1861)
(351,128)
(1520,1577)
(237,636)
(799,575)
(252,384)
(419,51)
(1458,981)
(1986,392)
(901,1678)
(663,287)
(710,1861)
(685,33)
(1876,1633)
(292,261)
(1150,1475)
(1983,1308)
(1753,13)
(655,262)
(833,1175)
(613,1826)
(119,1643)
(1434,1730)
(1064,1144)
(1911,953)
(438,749)
(1861,208)
(138,270)
(728,1590)
(1242,1383)
(84,384)
(1523,1249)
(1715,634)
(1200,1759)
(1497,221)
(93,315)
(16,1613)
(242,1086)
(1601,954)
(1121,244)
(434,1043)
(1833,1468)
(195,1247)
(783,1348)
(1617,1964)
(16,824)
(1551,826)
(1495,1871)
(1022,825)
(985,24)
(32,358)
(1353,1013)
(1017,1561)
(954,926)
(927,382)
(619,1667)
(173,737)
(1742,1432)
(981,1527)
(56,1223)
(505,831)
(1344,420)
(1591,1489)
(1800,1086)
(211,1827)
(1441,1717)
(1814,865)
(1770,859)
(991,1944)
(312,493)
(1000,1417)
(920,1017)
(119,1897)
(1396,1214)
(1682,1767)
(1323,737)
(1662,82)
(1945,1395)
(614,1873)
(1783,1488)
(299,877)
(1405,607)
(1933,284)
(1068,1719)
(1841,1871)
(872,648)
(456,1564)
(776,1668)
(1975,1384)
(418,1127)
(1145,395)
(1140,259)
(1657,558)
(1110,872)
(40,447)
(175,391)
(1280,1960)
(1053,1731)
(541,1850)
(877,723)
(1812,255)
(967,1020)
(1308,1307)
(804,182)
(114,582)
(228,491)
(637,111)
(347,1763)
(1784,563)
(195,1667)
(1065,200)
(826,1313)
(557,1758)
(1633,504)
(1741,1325)
(1281,601)
(133,1847)
(569,1349)
(1811,899)
(1470,96)
(443,783)
(807,858)
(888,733)
(1623,1041)
(1406,1513)
(1322,1475)
(1155,321)
(1693,1696)
(1470,476)
(1489,401)
(1117,540)
(1424,578)
(600,416)
(927,882)
(1586,1158)
(366,1277)
(1460,1605)
(1659,1545)
(891,1387)
(615,1419)
(1750,519)
(1054,373)
(518,70)
(718,1675)
(158,1424)
(1864,291)
(1449,400)
(1884,1520)
(1230,1333)
(1138,1442)
(247,783)
(1298,633)
(352,542)
(450,1580)
(1639,1217)
(347,1295)
(1218,1635)
(1283,237)
(1716,797)
(185,387)
(641,743)
(117,1325)
(1762,993)
(1133,74)
(238,1140)
(82,571)
(1708,534)
(915,443)
(145,1566)
(71,1163)
(1095,238)
(569,481)
(650,921)
(88,1438)
(56,172)
(461,1667)
(1526,611)
(531,320)
(642,1)
(4,450)
(480,1375)
(1660,1115)
(1490,1959)
(82,1414)
(1631,26)
(750,197)
(1166,1897)
(1683,1535)
(1875,809)
(323,342)
(690,665)
(801,637)
(904,73)
(887,1512)
(1242,1686)
(252,1675)
(1359,843)
(1144,1450)
(1198,379)
(1759,754)
(1288,160)
(1788,1627)
(20,158)
(1293,566)
(609,929)
(1536,720)
(1758,1287)
(1346,1366)
(591,476)
(410,911)
(1949,1066)
(985,392)
(88,1247)
(572,1587)
(1584,1602)
(1739,1401)
(1800,1917)
(983,976)
(1149,1728)
(1972,1034)
(1592,364)
(152,1137)
(850,1419)
(1193,1458)
(287,1850)
(1398,870)
(197,1453)
(701,1646)
(251,930)
(1505,777)
(1410,1849)
(1635,1734)
(1751,1200)
(1998,1671)
(1812,1028)
(1157,445)
(935,488)
(739,1884)
(1752,1454)
(1968,1757)
(881,1101)
(1476,497)
(542,304)
(74,1872)
(1583,22)
(60,67)
(867,335)
(1922,684)
(1621,1539)
(1207,1979)
(1979,1358)
(1529,1995)
(1383,230)
(129,23)
(154,1330)
(1977,471)
(417,991)
(1871,1368)
(1806,1078)
(1610,535)
(1043,1937)
(991,1465)
(1843,1253)
(76,505)
(481,1785)
(995,730)
(833,1297)
(1724,821)
(1803,888)
(1221,883)
(1990,926)
(549,199)
(1820,967)
(883,1246)
(1484,1522)
(1201,112)
(1068,502)
(536,1338)
(1515,1109)
(449,404)
(216,1212)
(226,896)
(1496,243)
(71,1487)
(258,1022)
(1465,1426)
(285,1798)
(1516,970)
(54,377)
(33,1971)
(870,1367)
(1717,809)
(1521,1701)
(749,663)
(617,812)
(749,1218)
(1855,1617)
(1160,1893)
(1205,1516)
(1438,702)
(1738,1122)
(1739,746)
(1740,1314)
(1813,134)
(1882,614)
(871,4)
(1677,261)
(472,1124)
(346,374)
(1585,1983)
(888,1792)
(989,1589)
(179,105)
(1023,1246)
(803,1302)
(1991,472)
(1767,1353)
(1257,240)
(311,1366)
(1,482)
(384,531)
(429,1904)
(1863,512)
(1375,1216)
(824,1626)
(125,1721)
(1360,358)
(1344,19)
(1143,1041)
(504,308)
(667,1524)
(130,1074)
(866,1571)
(597,373)
(1657,755)
(1100,195)
(350,1237)
(1341,994)
(364,935)
(710,594)
(1232,1166)
(960,873)
(16,1034)
(937,265)
(437,1593)
(1584,1505)
(1165,982)
(712,519)
(1092,96)
(1956,1187)
(1785,1843)
(532,1260)
(1152,1960)
(136,567)
(1368,565)
(1923,1810)
(1724,978)
(1052,1806)
(967,946)
(1075,1940)
(920,756)
(1738,1965)
(199,101)
(1948,1891)
(903,452)
(1406,1696)
(976,9)
(1566,280)
(985,1380)
(521,167)
(276,1367)
(1193,1835)
(1092,223)
(1917,791)
(841,1446)
(1471,563)
(69,432)
(720,215)
(1868,130)
(17,1531)
(1636,1076)
(444,1288)
(1576,980)
(1395,179)
(793,805)
(111,37)
(1846,192)
(1790,1637)
(18,561)
(167,1390)
(1644,109)
(597,912)
(1918,771)
(5,1812)
(1415,238)
(480,430)
(1611,1811)
(1407,574)
(850,902)
(597,1560)
(338,558)
(648,809)
(360,290)
(520,644)
(1910,1991)
(1856,595)
(988,301)
(118,80)
(244,602)
(946,1791)
(1448,338)
(622,1761)
(1959,1158)
(1197,20)
(1676,616)
(697,681)
(1919,937)
(878,1213)
(449,773)
(1111,1931)
(1663,65)
(481,1626)
(116,414)
(915,747)
(1973,1957)
(966,189)
(127,837)
(1116,698)
(233,1415)
(1402,543)
(1090,921)
(523,444)
(1055,1989)
(576,408)
(1744,1293)
(1526,1940)
(1945,197)
(277,46)
(1782,428)
(403,1312)
(1657,1199)
(1565,824)
(1082,1432)
(850,567)
(1589,554)
(740,324)
(472,1569)
(1479,1595)
(549,779)
(1672,1957)
(126,1998)
(1570,1780)
(1874,1970)
(824,1913)
(149,1602)
(367,1166)
(1431,1067)
(1078,1678)
(91,701)
(391,1448)
(1314,1391)
(1505,1707)
(1751,208)
(432,1048)
(111,1057)
(188,954)
(863,923)
(818,1733)
(1759,68)
(81,951)
(1666,783)
(1561,510)
(1025,1032)
(858,374)
(921,1129)
(1937,52)
(955,80)
(576,460)
(429,1616)
(1227,594)
(335,899)
(1080,1904)
(1300,329)
(1431,213)
(1585,1585)
(1812,1175)
(667,352)
(1038,367)
(951,1100)
(1510,330)
(1976,1904)
(1393,1096)
(819,552)
(518,1597)
(715,1800)
(1904,816)
(752,352)
(1691,1918)
(1146,161)
(677,1333)
(1768,1965)
(1917,221)
(829,1376)
(1529,1423)
(1836,1753)
(985,535)
(1703,1988)
(1368,1266)
(990,999)
(613,1992)
(1969,1044)
(1999,904)
(1301,907)
(1659,1814)
(735,1623)
(1992,1170)
(1611,367)
(442,546)
(1320,1305)
(973,1325)
(1113,719)
(408,1162)
(481,260)
(744,1923)
(1222,1600)
(996,745)
(72,377)
(1899,241)
(489,1302)
(1690,1026)
(880,1679)
(542,1619)
(1598,1933)
(1675,71)
(1013,1712)
(1456,245)
(666,952)
(472,1760)
(1566,92)
(1448,1226)
(1636,1078)
(1331,1101)
(169,1551)
(33,447)
(772,77)
(1557,1075)
(1934,1549)
(1508,1648)
(358,167)
(1875,44)
(1637,530)
(439,67)
(1933,1636)
(714,1200)
(1593,1935)
(358,447)
(1884,132)
(1012,1601)
(1236,620)
(62,1071)
(934,917)
(696,1574)
(1498,1711)
(749,108)
(751,1825)
(135,1096)
(1332,1117)
(662,1291)
(1214,38)
(1272,646)
(304,1726)
(1123,439)
(1256,817)
(165,765)
(1846,1775)
(543,701)
(1685,1184)
(1574,213)
(540,793)
(1594,1748)
(489,84)
(1122,442)
(1559,720)
(496,510)
(1473,221)
(1263,984)
(951,650)
(831,769)
(281,266)
(1428,683)
(1108,644)
(1816,1900)
(708,1179)
(763,1597)
(1626,1560)
(828,288)
(1179,1012)
(1767,503)
(1940,479)
(570,1553)
(1298,378)
(1525,626)
(29,1338)
(321,1810)
(1508,1527)
(1457,1258)
(932,1413)
(1580,483)
(1252,485)
(1845,592)
(566,417)
(1809,262)
(912,44)
(1098,1125)
(834,238)
(1966,610)
(549,603)
(1445,1625)
(250,90)
(1483,1066)
(1392,277)
(460,1585)
(785,1416)
(1475,717)
(1669,726)
(969,16)
(932,907)
(1019,1565)
(568,562)
(1040,1432)
(547,1078)
(1765,1618)
(226,480)
(1418,387)
(1259,62)
(1031,694)
(1902,721)
(768,797)
(1318,111)
(491,366)
(1121,1204)
(1941,1510)
(889,1979)
(1257,1751)
(157,1932)
(417,1318)
(157,1107)
(1472,203)
(1545,417)
(314,1809)
(1488,1112)
(1833,1692)
(1570,1464)
(1504,874)
(1076,873)
(1730,116)
(1425,465)
(605,1087)
(1733,193)
(1552,1836)
(827,255)
(803,523)
(1753,1650)
(426,677)
(717,1441)
(1813,94)
(1882,1101)
(913,1740)
(536,253)
(1675,1457)
(1887,924)
(1584,873)
(1897,1587)
(1294,1031)
(165,14)
(914,748)
(88,1997)
(1809,482)
(833,138)
(1991,357)
(1587,176)
(1628,1537)
(1259,1734)
(98,1299)
(534,1251)
(169,1441)
(1199,251)
(1701,1264)
(475,1350)
(712,1439)
(1294,1200)
(1805,920)
(347,1082)
(778,411)
(1336,1108)
(398,1373)
(1135,407)
(446,111)
(44,938)
(1330,781)
(857,28)
(31,1729)
(491,112)
(1966,480)
(1415,419)
(899,1583)
(1706,1689)
(1535,396)
(379,743)
(761,918)
(877,603)
(24,469)
(1729,104)
(599,1218)
(1425,1683)
(1622,1264)
(259,1790)
(1929,1279)
(1629,405)
(1321,1646)
(1618,1923)
(909,1208)
(1355,1242)
(705,983)
(1220,1626)
(370,491)
(406,1586)
(1266,43)
(655,1988)
(1840,9)
(1944,1436)
(925,1473)
(1891,78)
(699,0)
(793,38)
(1579,625)
(1898,1017)
(290,1872)
(1244,1696)
(786,1051)
(284,919)
(881,1591)
(618,855)
(1687,867)
(1691,1227)
(1027,139)
(673,1590)
(1762,1619)
(397,757)
(1053,454)
(1357,1565)
(1327,1928)
(1605,584)
(1894,1147)
(1310,1192)
(712,507)
(1444,441)
(405,1609)
(681,31)
(913,441)
(1726,425)
(845,323)
(576,1921)
(22,1166)
(1456,865)
(764,136)
(781,596)
(1480,629)
(1009,1260)
(1887,364)
(482,545)
(37,138)
(922,38)
(669,770)
(1725,1870)
(1111,1475)
(140,1519)
(51,1362)
(581,980)
(1672,1981)
(1188,1374)
(813,1250)
(620,693)
(764,727)
(527,1883)
(1577,849)
(690,813)
(1298,1497)
(396,191)
(211,112)
(1605,768)
(269,1854)
(243,1301)
(736,434)
(1942,825)
(354,1507)
(26,359)
(1318,1296)
(1174,1927)
(908,220)
(1018,657)
(1402,1355)
(686,421)
(929,122)
(752,1551)
(1723,234)
(1741,1915)
(101,1408)
(1567,685)
(570,640)
(560,1644)
(210,110)
(1259,1072)
(12,41)
(1680,199)
(951,821)
(1241,1161)
(442,1877)
(656,835)
(1733,1351)
(949,1354)
(671,939)
(1869,16)
(1550,15)
(1577,1502)
(1456,136)
(163,1058)
(1792,1237)
(1972,259)
(548,1251)
(124,1434)
(644,1852)
(1844,1908)
(1787,907)
(82,716)
(1361,1233)
(248,1601)
(258,843)
(1016,1666)
(1900,964)
(1469,1443)
(1127,85)
(464,58)
(1847,462)
(1959,1696)
(923,927)
(1435,1053)
(1112,150)
(586,1216)
(1981,1222)
(1172,1344)
(545,1741)
(372,898)
(693,833)
(709,106)
(561,35)
(265,105)
(155,1814)
(1517,804)
(1674,89)
(1367,1491)
(703,455)
(984,774)
(1599,560)
(503,902)
(257,1069)
(631,1472)
(1026,381)
(1695,1187)
(1424,1276)
(1921,954)
(652,1916)
(23,966)
(1114,687)
(632,570)
(1692,963)
(107,301)
(769,1929)
(1135,700)
(124,401)
(1516,1036)
(706,366)
(595,1711)
(140,745)
(1281,869)
(189,1673)
(1598,585)
(870,209)
(1016,1435)
(1247,650)
(1304,252)
(764,397)
(912,192)
(1348,809)
(884,845)
(1530,664)
(172,1042)
(1003,608)
(1912,1265)
(473,1321)
(467,736)
(572,638)
(431,302)
(1745,47)
(1326,1279)
(1813,464)
(462,1025)
(1548,1632)
(853,1200)
(1583,288)
(752,1114)
(1234,1941)
(919,647)
(190,1089)
(1737,927)
(1422,1419)
(1598,851)
(1484,396)
(370,1335)
(176,1346)
(1392,709)
(1519,342)
(1177,1237)
(1396,875)
(160,844)
(570,1959)
(1789,719)
(1465,464)
(786,19)
(42,1117)
(909,1589)
(1999,445)
(373,571)
(717,143)
(199,1380)
(1472,436)
(1627,307)
(164,145)
(963,1986)
(1020,1065)
(860,1931)
(1039,1593)
(57,1504)
(1213,675)
(95,1557)
(979,827)
(940,50)
(873,978)
(1602,1297)
(670,1522)
(12,1127)
(675,1766)
(1755,1733)
(1237,1931)
(404,135)
(157,1420)
(982,1568)
(840,929)
(1021,1562)
(1124,407)
(327,1361)
(1780,965)
(331,892)
(605,1933)
(1923,673)
(1906,1895)
(1479,745)
(75,1100)
(1455,285)
(301,907)
(1065,447)
(1038,141)
(1338,1625)
(1857,893)
(225,1591)
(1183,1282)
(1314,1447)
(1752,181)
(1503,660)
(1037,1421)
(1707,695)
(1227,958)
(1429,1843)
(779,636)
(424,566)
(1136,61)
(994,1818)
(930,1775)
(493,524)
(1590,567)
(56,251)
(338,925)
(1590,1803)
(1042,1084)
(445,1893)
(977,670)
(1650,910)
(968,404)
(801,52)
(1420,1205)
(1373,423)
(1999,324)
(51,956)
(1479,553)
(1420,242)
(1747,365)
(113,1315)
(1230,1818)
(380,1476)
(982,1547)
(1728,55)
(37,1084)
(1111,1302)
(95,736)
(1863,1655)
(398,302)
(945,1909)
(499,1486)
(1225,1814)
(681,1472)
(1430,848)
(893,42)
(1698,325)
(1365,551)
(1551,1322)
(966,1885)
(1691,1715)
(485,1155)
(680,1127)
(1826,1108)
(1893,1614)
(1922,397)
(1757,1334)
(1482,298)
(1704,194)
(389,1470)
(319,126)
(1630,1935)
(1406,1661)
(337,154)
(1849,1977)
(1364,1088)
(534,1214)
(1553,770)
(464,768)
(1789,749)
(379,1300)
(213,479)
(13,865)
(1554,1695)
(820,1195)
(1641,1120)
(738,27)
(309,519)
(1551,15)
(99,224)
(1874,1281)
(1666,1992)
(927,954)
(997,1280)
(376,994)
(112,1895)
(1216,721)
(1366,618)
(438,1)
(266,30)
(795,201)
(886,1119)
(973,1820)
(1843,1190)
(995,475)
(1669,190)
(524,239)
(1589,835)
(634,933)
(1561,569)
(840,284)
(1218,1327)
(261,841)
(772,1043)
(1480,978)
(1512,1152)
(1147,1215)
(1821,1364)
(483,172)
(753,1713)
(1912,618)
(1721,1420)
(1751,428)
(1119,392)
(1068,92)
(1199,1403)
(944,511)
(323,128)
(253,1927)
(861,1155)
(1751,1603)
(1331,1358)
(1077,1506)
(1076,1957)
(993,1123)
(180,1627)
(1902,1013)
(1688,381)
(592,1210)
(653,495)
(744,1470)
(997,897)
(1329,1514)
(880,1101)
(1194,1454)
(569,793)
(1118,735)
(1613,195)
(1941,970)
(117,602)
(265,53)
(1112,276)
(1604,546)
(1582,334)
(1126,1429)
(1007,732)
(1370,1288)
(1539,616)
(0,1286)
(172,1930)
(676,978)
(1565,1589)
(1991,945)
(1581,103)
(1371,475)
(1753,1507)
(1859,439)
(114,1216)
(833,825)
(1369,937)
(1941,574)
(885,1127)
(1412,950)
(149,321)
(711,1290)
(1947,1065)
(436,1020)
(384,1737)
(195,268)
(1810,1422)
(238,1506)
(712,1953)
(1293,359)
(1873,152)
(429,1772)
(903,1757)
(1018,1355)
(1803,1176)
(27,1371)
(6,1881)
(1923,846)
(1806,1871)
(958,233)
(356,470)
(1068,1685)
(1435,429)
(1450,16)
(799,874)
(960,1724)
(1789,223)
(1665,128)
(157,1874)
(295,876)
(517,1271)
(1840,1524)
(1854,295)
(1750,1206)
(395,976)
(1150,1367)
(307,1468)
(1700,945)
(1993,1555)
(1165,1454)
(941,1006)
(1789,434)
(1712,1205)
(739,1961)
(169,1786)
(788,45)
(164,774)
(1433,126)
(1538,900)
(1701,1880)
(111,1124)
(1994,993)
(92,102)
(740,1971)
(957,1017)
(390,1528)
(1839,916)
(190,1994)
(174,1215)
(376,1591)
(1597,329)
(1843,176)
(1980,825)
(1915,680)
(768,1681)
(17,1749)
(1010,1478)
(1471,1743)
(1793,1405)
(1045,546)
(1908,1971)
(340,320)
(702,141)
(1544,852)
(1212,889)
(637,1297)
(103,1950)
(1820,1752)
(1129,1992)
(798,1682)
(348,1294)
(61,17)
(1912,214)
(105,136)
(161,782)
(499,876)
(1525,79)
(1870,285)
(797,961)
(1823,218)
(944,1577)
(1527,89)
(1402,1049)
(1453,1798)
(389,1992)
(1619,1236)
(758,1242)
(677,1159)
(959,1827)
(1484,790)
(953,566)
(1903,1026)
(78,808)
(1663,1326)
(1503,605)
(1746,908)
(478,598)
(1283,1569)
(296,1985)
(1173,289)
(406,16)
(768,167)
(1389,926)
(1645,1791)
(1351,1160)
(1686,532)
(1010,1137)
(1185,1985)
(1072,1844)
(1314,766)
(1402,1106)
(760,1227)
(913,488)
(1047,1796)
(918,249)
(1139,623)
(1744,438)
(1861,1611)
(1205,826)
(1149,1861)
(1542,825)
(3,623)
(47,1094)
(1060,680)
(274,547)
(1575,73)
(1320,58)
(562,1476)
(542,1834)
(998,655)
(16,695)
(489,912)
(1046,1805)
(143,636)
(44,1208)
(437,376)
(65,1827)
(809,1189)
(1537,1125)
(580,436)
(1306,1770)
(304,740)
(1273,424)
(1028,1239)
(599,817)
(435,1190)
(62,298)
(1925,831)
(849,597)
(1903,966)
(1078,392)
(262,1911)
(121,1939)
(1659,770)
(1938,1303)
(1263,472)
(719,118)
(1374,1918)
(446,1809)
(531,1017)
(144,930)
(1406,1022)
(528,852)
(1430,1030)
(1150,342)
(1352,979)
(53,1602)
(1117,1734)
(45,1333)
(323,769)
(457,360)
(1994,998)
(1436,67)
(1695,1357)
(1997,1160)
(1839,647)
(689,284)
(1867,743)
(116,454)
(119,1577)
(1297,1753)
(775,1688)
(1825,1105)
(1321,1027)
(1295,695)
(142,200)
(1903,662)
(576,915)
(416,1118)
(294,1828)
(1870,1843)
(766,1620)
(1518,1899)
(499,1569)
(194,1873)
(1612,764)
(341,1878)
(990,267)
(897,1071)
(1354,793)
(1163,854)
(1212,1370)
(499,1869)
(1647,1642)
(1945,1056)
(5,1276)
(1415,1140)
(10,885)
(1660,1344)
(1690,1514)
(1809,55)
(1643,655)
(834,854)
(1491,900)
(1633,29)
(320,1004)
(1743,361)
(1445,1383)
(1332,1409)
(1142,582)
(614,1149)
(163,1300)
(1120,346)
(1804,1610)
(923,911)
(201,169)
(165,1752)
(88,276)
(384,560)
(440,138)
(762,1926)
(1034,1777)
(704,1587)
(224,182)
(907,707)
(610,321)
(438,444)
(134,1598)
(1320,767)
(1555,1915)
(191,774)
(355,286)
(670,499)
(1897,1866)
(722,1838)
(183,325)
(898,580)
(463,1634)
(1742,1771)
(1694,1838)
(911,1210)
(235,1380)
(824,864)
(1374,315)
(43,672)
(1793,1696)
(1003,1286)
(129,487)
(1581,858)
(390,1562)
(1231,1302)
(1492,1730)
(1543,1404)
(1300,1853)
(845,1486)
(1807,1430)
(766,1999)
(1886,647)
(671,582)
(1186,1955)
(1534,1732)
(1366,1201)
(1943,980)
(1032,78)
(1128,902)
(1524,1688)
(1104,153)
(896,578)
(1390,1796)
(1258,921)
(1057,1249)
(710,253)
(230,1947)
(1491,1106)
(288,751)
(230,1281)
(277,159)
(1893,1764)
(1733,459)
(1357,1829)
(375,1258)
(1817,973)
(1929,1497)
(1900,57)
(1047,1211)
(65,680)
(1068,1837)
(748,1989)
(961,1102)
(15,592)
(1249,1821)
(1337,525)
(397,259)
(317,1196)
(1850,79)
(654,1247)
(1687,262)
(766,1137)
(993,1986)
(1380,280)
(1585,912)
(1583,520)
(739,586)
(1895,665)
(1480,1943)
(791,1188)
(1818,1744)
(1506,1087)
(1853,279)
(1846,1426)
(187,1018)
(1023,1851)
(1671,1249)
(1227,1398)
(169,1724)
(1702,1446)
(1812,1729)
(207,1660)
(1997,652)
(1999,1871)
(1901,650)
(1685,1114)
(1798,1366)
(1905,1530)
(287,1958)
(1419,1150)
(1761,690)
(283,1334)
(238,138)
(1461,598)
(955,549)
(1341,1942)
(1615,700)
(969,1229)
(1854,1085)
(451,1325)
(1357,1031)
(645,877)
(939,160)
(47,872)
(607,1246)
(1391,1844)
(1667,1790)
(1531,1065)
(433,1804)
(1047,896)
(1225,845)
(629,729)
(185,1849)
(1631,1390)
(20,575)
(1611,1573)
(774,1766)
(1229,10)
(1353,1692)
(11,1170)
(1472,1446)
(1817,1221)
(606,680)
(449,200)
(1072,957)
(781,872)
(520,1980)
(1813,1526)
(1316,882)
(817,1311)
(609,818)
(1166,1524)
(1508,1883)
(1379,1355)
(617,1266)
(1440,1080)
(1278,196)
(294,959)
(1617,673)
(1965,368)
(638,944)
(1989,1532)
(1356,1695)
(1565,393)
(1076,670)
(66,1905)
(1832,950)
(1247,666)
(352,96)
(1586,1946)
(106,55)
(510,506)
(372,160)
(561,373)
(509,591)
(691,1701)
(3,1462)
(1428,1973)
(278,1394)
(343,1795)
(1478,350)
(145,1310)
(947,1774)
(1469,1637)
(410,839)
(1049,4)
(1642,880)
(1612,630)
(10,1676)
(1957,1676)
(530,264)
(273,164)
(1490,1309)
(1474,1039)
(1287,1919)
(180,602)
(516,1605)
(303,940)
(908,817)
(532,928)
(750,1689)
(709,1074)
(1443,142)
(1602,883)
(139,69)
(1257,400)
(509,1556)
(334,1952)
(1226,640)
(295,1998)
(1700,36)
(1125,1992)
(196,369)
(600,1386)
(1899,603)
(1572,1627)
(1849,82)
(1823,1193)
(1212,223)
(551,1684)
(1856,284)
(918,1081)
(299,68)
(1942,1530)
(205,1929)
(17,1106)
(720,103)
(515,778)
(1720,312)
(1595,212)
(1526,1911)
(1408,1549)
(773,1635)
(1539,1843)
(1289,1617)
(1087,1892)
(1713,994)
(1330,778)
(1116,1419)
(1999,928)
(1368,398)
(1936,147)
(42,849)
(261,1946)
(1325,1112)
(1690,718)
(411,1366)
(1625,685)
(1660,133)
(1228,1131)
(328,1587)
(281,273)
(1026,833)
(697,1502)
(1439,20)
(242,1287)
(1933,1711)
(1268,1432)
(942,1905)
(1929,1326)
(1847,1050)
(584,232)
(101,1824)
(1971,912)
(1500,97)
(1224,804)
(912,1247)
(527,1720)
(780,1854)
(789,130)
(816,777)
(1716,712)
(470,60)
(84,784)
(149,915)
(1319,1273)
(607,1450)
(1237,258)
(1837,1606)
(487,545)
(1309,1566)
(121,1672)
(669,520)
(409,1088)
(64,533)
(970,80)
(1046,1564)
(1974,927)
(1862,685)
(120,1960)
(683,1118)
(1089,1290)
(110,1352)
(1458,1842)
(1146,1635)
(1913,1003)
(759,1300)
(688,65)
(1339,851)
(1878,1899)
(113,252)
(470,1059)
(1733,229)
(1235,528)
(150,684)
(30,161)
(1278,560)
(127,1541)
(394,1707)
(433,1381)
(934,1213)
(449,1509)
(1241,563)
(1481,969)
(395,988)
(282,1594)
(543,1433)
(214,1563)
(1820,1741)
(1793,739)
(1410,69)
(1433,681)
(666,605)
(1061,1278)
(60,1223)
(853,1944)
(378,1723)
(765,1097)
(61,1226)
(1898,58)
(1084,1562)
(715,1748)
(897,1504)
(254,383)
(1972,353)
(1627,366)
(1820,460)
(1841,1819)
(1238,510)
(1455,835)
(987,1636)
(1340,1546)
(1303,1449)
(1490,651)
(1551,1611)
(57,84)
(764,1972)
(1410,1372)
(1930,1111)
(560,1887)
(1091,1456)
(1864,1268)
(749,1936)
(621,909)
(1674,729)
(1300,981)
(1313,1719)
(1950,773)
(1829,1610)
(292,1452)
(1658,1928)
(777,1236)
(1075,485)
(84,1643)
(209,480)
(462,463)
(690,1983)
(1543,669)
(1724,1206)
(986,296)
(723,334)
(387,3)
(339,971)
(760,1971)
(1584,1997)
(1389,248)
(1659,920)
(1550,1446)
(579,1733)
(1905,1368)
(1723,1353)
(1018,1467)
(23,1521)
(1988,222)
(1143,1973)
(1005,1137)
(1109,1504)
(229,74)
(1923,850)
(1535,176)
(755,1502)
(1648,534)
(309,365)
(1924,1617)
(1190,379)
(18,1793)
(1467,599)
(700,1708)
(89,1966)
(218,542)
(1778,736)
(536,1333)
(626,1262)
(1267,290)
(1518,1040)
(1862,1422)
(516,141)
(579,1419)
(165,1804)
(394,295)
(845,988)
(1019,307)
(1385,1498)
(1726,1153)
(1908,1903)
(1381,188)
(17,1228)
(547,927)
(1705,1449)
(798,731)
(533,645)
(226,857)
(710,253)
(196,521)
(1097,1443)
(822,1605)
(1513,1421)
(92,1627)
(909,1086)
(1659,1621)
(237,506)
(86,217)
(120,1952)
(198,780)
(563,1087)
(1164,1909)
(1249,92)
(1373,1132)
(161,742)
(935,586)
(784,216)
(973,339)
(1025,121)
(172,325)
(1639,647)
(380,985)
(1672,413)
(1240,354)
(1483,1193)
(1723,1664)
(1881,220)
(1985,85)
(689,1582)
(1064,46)
(204,715)
(993,1021)
(461,1843)
(464,1629)
(503,659)
(1426,1018)
(659,1541)
(1349,1176)
(1333,943)
(1012,909)
(590,54)
(916,1100)
(1089,1592)
(1191,1733)
(179,1418)
(65,48)
(594,506)
(645,46)
(1497,157)
(359,19)
(1859,1217)
(1894,328)
(1975,1753)
(1532,214)
(349,305)
(1171,1382)
(895,1145)
(183,1777)
(1989,517)
(20,473)
(1991,1070)
(849,646)
(435,1469)
(631,1397)
(18,1598)
(149,654)
(1723,776)
(265,852)
(1199,1715)
(1933,1120)
(314,1994)
(1078,543)
(1153,571)
(1062,928)
(986,1648)
(1632,1801)
(1283,883)
(1869,313)
(1029,165)
(93,817)
(1883,479)
(1865,1673)
(37,73)
(617,1292)
(1258,676)
(1960,1192)
(1973,401)
(980,1267)
(1271,445)
(1380,1913)
(813,115)
(1312,662)
(343,1242)
(233,739)
(1831,1613)
(1957,413)
(968,653)
(196,663)
(1061,1494)
(246,1296)
(119,294)
(915,1841)
(1992,104)
(1275,658)
(1138,896)
(363,416)
(1731,630)
(1077,1382)
(215,368)
(1970,117)
(692,487)
(632,119)
(624,409)
(1629,382)
(1654,1207)
(895,1989)
(953,383)
(597,812)
(1805,882)
(1195,1217)
(1095,1382)
(664,154)
(932,250)
(1038,1632)
(384,1846)
(1448,331)
(793,359)
(771,992)
(1180,1733)
(847,543)
(1230,1410)
(1992,1930)
(866,1927)
(280,312)
(66,453)
(1712,1645)
(645,898)
(599,276)
(641,15)
(578,1794)
(655,1710)
(1801,1277)
(788,316)
(1025,1998)
(563,181)
(1530,270)
(1761,82)
(100,63)
(1737,1487)
(672,989)
(1722,460)
(1387,1477)
(1940,1481)
(685,1185)
(683,1158)
(1208,381)
(1353,1825)
(743,952)
(1173,374)
(1778,1302)
(1004,1796)
(1298,681)
(1025,406)
(617,1757)
(198,467)
(839,1286)
(1395,1867)
(538,654)
(936,1391)
(1303,865)
(1815,1044)
(1432,594)
(1671,1280)
(1507,563)
(1274,957)
(1181,834)
(1934,651)
(1746,1804)
(906,739)
(1491,625)
(1798,141)
(77,299)
(1234,1079)
(222,89)
(1153,121)
(1344,1039)
(809,130)
(768,1455)
(618,1292)
(1183,1751)
(298,1058)
(641,149)
(1548,1415)
(1891,1834)
(955,580)
(823,739)
(642,317)
(1336,1842)
(396,780)
(526,1639)
(1464,1755)
(575,1854)
(1831,694)
(318,955)
(1554,1881)
(1666,5)
(298,1341)
(1667,442)
(276,940)
(214,1673)
(1195,763)
(892,639)
(1748,41)
(514,1105)
(1988,986)
(266,1801)
(1787,1140)
(359,1652)
(1425,540)
(1740,1344)
(333,663)
(295,736)
(1245,91)
(1969,1495)
(1578,1546)
(1643,843)
(1842,328)
(534,970)
(242,1380)
(1723,286)
(961,996)
(1351,405)
(33,991)
(113,805)
(878,1076)
(1486,376)
(1443,1868)
(1543,1490)
(360,1758)
(563,136)
(882,1962)
(382,85)
(1115,1678)
(1166,1509)
(373,129)
(1336,804)
(19,221)
(1792,1357)
(1372,711)
(270,722)
(1918,974)
(1436,808)
(909,521)
(1994,638)
(863,1261)
(599,1780)
(1375,1458)
(612,714)
(1020,1305)
(490,116)
(219,1346)
(669,1061)
(1217,1181)
(1246,1705)
(1544,1145)
(1898,1990)
(129,1587)
(623,661)
(1620,804)
(721,1719)
(240,1852)
(1490,18)
(6,1194)
(23,60)
(477,376)
(1761,1046)
(624,240)
(1807,1533)
(531,315)
(1512,1378)
(1619,1099)
(1788,307)
(1471,1174)
(1428,160)
(1518,873)
(1046,1851)
(1981,545)
(1893,1133)
(1279,136)
(1217,1183)
(410,1496)
(989,1764)
(534,527)
(1142,411)
(915,1315)
(736,1661)
(1856,475)
(686,1417)
(380,1194)
(152,1924)
(1814,572)
(1785,759)
(895,1369)
(1492,1108)
(1313,885)
(666,1125)
(1215,1305)
(1497,745)
(495,1113)
(1986,1217)
(383,1691)
(1970,453)
(912,104)
(64,494)
(184,505)
(630,526)
(1140,1766)
(525,253)
(983,391)
(909,268)
(921,599)
(787,1275)
(141,1455)
(1677,829)
(1851,957)
(1331,1800)
(1686,395)
(1695,578)
(1313,565)
(626,376)
(961,504)
(1926,1715)
(1518,618)
(1035,1492)
(745,674)
(762,848)
(482,1086)
(1834,1831)
(1437,1133)
(1785,572)
(355,834)
(110,1270)
(422,1316)
(843,1562)
(390,1469)
(1546,1644)
(642,1765)
(430,1526)
(1708,1787)
(1247,379)
(1838,100)
(1869,1742)
(306,82)
(471,176)
(296,1609)
(236,378)
(1072,209)
(261,944)
(1961,1678)
(1233,1846)
(1375,616)
(682,12)
(1421,770)
(117,1918)
(1822,1449)
(1458,928)
(205,238)
(152,1748)
(1203,180)
(664,1527)
(1503,273)
(1137,395)
(1636,139)
(335,1527)
(1100,648)
(1678,518)
(276,398)
(1408,1318)
(634,84)
(1668,365)
(1716,1773)
(1793,1026)
(632,1791)
(493,1915)
(1137,606)
(1247,1994)
(1551,553)
(409,346)
(1134,1394)
(1426,122)
(262,1668)
(882,1963)
(1343,1377)
(1330,1047)
(349,664)
(1831,1939)
(722,690)
(775,1152)
(525,1121)
(575,785)
(1652,98)
(949,1680)
(835,355)
(646,220)
(1013,1518)
(1717,1462)
(1332,937)
(837,97)
(1371,508)
(1797,1225)
(1555,42)
(1162,1951)
(1914,548)
(1017,1752)
(464,6)
(998,1754)
(698,46)
(1296,1583)
(988,464)
(1638,538)
(697,615)
(1742,1831)
(875,1164)
(687,1310)
(1246,1000)
(838,1731)
(801,580)
(1294,35)
(1691,1901)
(920,1887)
(660,1819)
(1775,1311)
(1375,1622)
(1256,309)
(1924,600)
(629,1728)
(828,473)
(1317,1883)
(283,682)
(1497,1386)
(412,857)
(1240,981)
(1464,1896)
(503,1067)
(1962,1054)
(45,1364)
(126,173)
(1297,1086)
(1559,609)
(168,1124)
(1683,485)
(226,473)
(1456,1735)
(1569,689)
(833,1417)
(345,585)
(524,547)
(498,871)
(715,1919)
(1566,1570)
(355,1202)
(1234,395)
(1861,1484)
(411,120)
(868,1845)
(972,1319)
(1525,1653)
(1361,1707)
(418,965)
(1774,1664)
(319,1757)
(1211,1201)
(187,1120)
(1156,154)
(407,1037)
(1359,1779)
(1184,1306)
(206,1699)
(1465,578)
(1498,1600)
(1421,487)
(1729,1488)
(772,1936)
(735,1319)
(409,1099)
(14,1172)
(1527,1467)
(1859,623)
(1697,578)
(1742,1037)
(378,1119)
(134,1667)
(209,182)
(1395,1152)
(1828,1847)
(843,328)
(364,1925)
(1928,1376)
(275,1361)
(1439,1858)
(1855,1817)
(1201,1697)
(1762,1023)
(1588,763)
(1056,196)
(1823,759)
(1423,780)
(1841,476)
(60,1491)
(1813,1393)
(742,39)
(1784,813)
(564,1830)
(1984,1322)
(1027,767)
(975,931)
(1007,1911)
(565,147)
(1456,921)
(637,1058)
(1998,355)
(1921,127)
(1938,182)
(525,1741)
(1023,1632)
(1853,1310)
(116,221)
(15,154)
(1028,901)
(992,12)
(1855,284)
(110,1525)
(1184,1872)
(367,844)
(1962,776)
(1028,1659)
(1207,1607)
(1278,1568)
(802,202)
(1817,253)
(1614,879)
(41,28)
(1304,1888)
(1987,85)
(102,1532)
(1894,870)
(641,838)
(63,113)
(296,1384)
(117,1584)
(449,1905)
(257,1517)
(978,1386)
(245,263)
(535,751)
(642,996)
(1627,643)
(1897,39)
(1326,1826)
(967,1351)
(49,1939)
(1092,60)
(1274,1416)
(552,221)
(1415,1206)
(113,562)
(440,442)
(1264,805)
(1,617)
(1606,1582)
(1208,189)
(263,1233)
(1315,476)
(133,1257)
(785,537)
(1420,1932)
(493,644)
(1365,46)
(177,1377)
(464,1305)
(1994,1685)
(539,1357)
(1653,565)
(670,1307)
(304,1624)
(582,1377)
(1249,373)
(154,1945)
(1723,1988)
(1316,918)
(58,1837)
(352,982)
(732,570)
(240,1559)
(1862,1452)
(1192,115)
(920,808)
(1315,644)
(740,838)
(282,1602)
(371,1816)
(1959,1436)
(622,998)
(873,127)
(4,1104)
(75,1338)
(487,270)
(650,558)
(1976,1514)
(1564,38)
(1374,1670)
(1660,1786)
(1476,1021)
(1428,1917)
(368,1391)
(1365,1705)
(125,521)
(1135,1164)
(932,1188)
(256,1279)
(1660,1038)
(830,436)
(659,158)
(951,93)
(448,1531)
(262,555)
(22,1391)
(860,873)
(212,995)
(733,1599)
(1107,1391)
(655,1509)
(256,1585)
(1610,1741)
(1465,80)
(1495,1895)
(1605,718)
(1687,1243)
(1007,1669)
(308,1144)
(1113,380)
(915,1886)
(1420,1705)
(1375,535)
(1512,89)
(207,739)
(1009,1007)
(835,1388)
(1659,1344)
(1956,1772)
(1816,748)
(896,39)
(1469,745)
(144,107)
(1429,1305)
(495,1317)
(1134,454)
(967,625)
(1134,1947)
(590,1232)
(93,1915)
(769,1893)
(1915,52)
(1360,154)
(596,535)
(173,517)
(407,325)
(873,1454)
(1840,1597)
(753,491)
(866,679)
(1968,1332)
(380,378)
(227,1287)
(1464,532)
(860,1539)
(1393,697)
(415,668)
(288,103)
(1451,48)
(1153,966)
(567,983)
(246,300)
(1823,1677)
(137,1823)
(865,704)
(562,74)
(1377,1255)
(343,645)
(127,1565)
(145,62)
(1398,1910)
(521,718)
(1909,912)
(161,1512)
(746,1669)
(83,455)
(1918,1174)
(705,1404)
(1177,1212)
(1636,161)
(340,875)
(1154,192)
(1984,745)
(90,740)
(1440,1451)
(1186,1344)
(846,14)
(62,251)
(616,953)
(1386,141)
(1564,412)
(225,647)
(1868,544)
(889,122)
(814,1145)
(217,1509)
(1133,768)
(1824,1562)
(615,1921)
(1933,839)
(1770,679)
(1007,1131)
(973,726)
(1724,158)
(702,705)
(625,1097)
(734,1737)
(1340,1774)
(1387,1297)
(1202,912)
(1753,49)
(375,206)
(1333,1832)
(15,1239)
(434,1426)
(562,1695)
(383,1132)
(543,1848)
(553,505)
(466,1980)
(566,50)
(1583,518)
(1135,474)
(812,481)
(1718,996)
(1956,115)
(405,876)
(819,506)
(414,496)
(392,644)
(1113,362)
(476,1052)
(1826,49)
(1954,1547)
(753,932)
(385,1803)
(171,1386)
(498,93)
(1358,1016)
(1636,313)
(95,864)
(409,1225)
(1366,757)
(1762,382)
(1381,750)
(1126,1251)
(818,1557)
(1159,407)
(1879,1827)
(639,1511)
(636,508)
(241,1066)
(917,1215)
(1596,642)
(910,987)
(1999,1523)
(1828,935)
(1839,1197)
(177,667)
(1202,1208)
(1403,1556)
(146,1463)
(94,290)
(288,843)
(1602,1329)
(379,1703)
(535,1530)
(1906,108)
(64,1422)
(1053,1465)
(234,1132)
(1186,1783)
(1554,1016)
(700,99)
(80,445)
(802,1467)
(589,1169)
(280,1489)
(548,691)
(1184,492)
(1023,1768)
(525,35)
(335,755)
(1824,612)
(1394,1397)
(1966,1374)
(1734,638)
(564,1073)
(1810,1849)
(1848,965)
(1950,1481)
(1025,1657)
(1911,520)
(611,1603)
(932,1967)
(687,1409)
(1641,776)
(856,863)
(1314,1856)
(690,1676)
(1103,86)
(807,1085)
(21,102)
(770,689)
(1259,908)
(1642,1021)
(858,225)
(378,1303)
(1097,1207)
(1802,997)
(1731,1210)
(1801,884)
(152,17)
(915,1652)
(1217,1293)
(1038,1243)
(1130,1575)
(192,1859)
(233,1953)
(1181,114)
(1480,1578)
(876,46)
(1588,679)
(1306,1353)
(1597,1993)
(454,397)
(1478,46)
(903,219)
(263,758)
(774,915)
(388,1697)
(972,1389)
(1905,1709)
(1523,1754)
(1411,1540)
(164,989)
(1994,113)
(1202,1415)
(398,934)
(1026,876)
(1941,246)
(844,1343)
(1860,529)
(574,1544)
(423,999)
(1832,8)
(1416,1258)
(431,1462)
(1718,1512)
(1329,1263)
(510,3)
(1721,821)
(801,239)
(1292,704)
(137,1704)
(953,499)
(1235,1992)
(918,1147)
(1214,297)
(1216,1070)
(1603,930)
(1739,514)
(1222,228)
(359,295)
(1174,1732)
(697,205)
(466,1355)
(456,949)
(300,23)
(72,1038)
(912,537)
(1022,791)
(614,132)
(1199,590)
(489,318)
(1464,838)
(554,661)
(1441,279)
(364,464)
(1925,309)
(723,441)
(498,1120)
(1645,686)
(1206,1572)
(1845,652)
(1680,1231)
(265,1032)
(885,1972)
(316,367)
(1288,555)
(995,1556)
(1656,495)
(1047,1196)
(877,782)
(323,728)
(661,793)
(1014,1418)
(558,1370)
(627,945)
(844,457)
(898,306)
(1316,1929)
(1116,1228)
(599,1621)
(1853,892)
(1550,398)
(863,535)
(1951,151)
(1152,1641)
(333,1891)
(1067,1121)
(1074,1122)
(692,476)
(1096,814)
(432,1581)
(671,1114)
(178,1093)
(885,1027)
(156,1589)
(40,1709)
(58,1575)
(1752,1505)
(1020,458)
(953,374)
(1357,1541)
(1472,1309)
(1214,1838)
(768,483)
(901,321)
(1545,878)
(184,482)
(389,671)
(660,1065)
(789,1752)
(914,597)
(1860,1928)
(486,972)
(770,309)
(1062,699)
(1432,107)
(1079,1516)
(1868,1585)
(570,1024)
(394,35)
(689,1565)
(341,748)
(1140,1189)
(1766,1821)
(745,1310)
(1285,471)
(759,1338)
(240,721)
(1637,1514)
(1854,1246)
(427,928)
(921,53)
(273,1148)
(28,643)
(1653,230)
(1385,304)
(227,1154)
(851,1364)
(1450,1631)
(1622,1982)
(0,796)
(375,824)
(75,1188)
(1263,664)
(907,1725)
(1607,968)
(617,1623)
(1881,842)
(1326,8)
(672,63)
(754,1880)
(612,749)
(1947,847)
(594,545)
(1300,945)
(174,1860)
(1370,1673)
(1392,55)
(844,258)
(1046,1055)
(20,793)
(183,1672)
(1281,1059)
(442,89)
(1652,756)
(1339,1619)
(1440,1011)
(440,1243)
(418,46)
(1448,902)
(968,11)
(1373,1357)
(280,1799)
(1653,1011)
(751,820)
(143,230)
(574,1517)
(1394,1272)
(1726,424)
(1221,1031)
(1071,898)
(220,138)
(238,1089)
(1710,1217)
(1126,1599)
(1498,1613)
(1714,453)
(335,1674)
(354,1366)
(1229,1589)
(1456,912)
(1074,880)
(449,1702)
(788,1812)
(500,778)
(887,1353)
(1327,1907)
(1976,1917)
(1517,1138)
(1380,728)
(1079,1563)
(1526,28)
(1400,557)
(742,523)
(1295,1998)
(589,1362)
(877,1523)
(1900,1704)
(726,1293)
(1523,954)
(860,809)
(295,440)
(1310,1599)
(302,965)
(463,445)
(1534,1005)
(348,575)
(634,409)
(774,1175)
(951,1146)
(338,1247)
(546,1177)
(1330,1084)
(1872,853)
(1367,1219)
(596,264)
(224,1795)
(49,1020)
(1887,431)
(1940,959)
(985,740)
(1368,76)
(1934,953)
(1304,1948)
(956,524)
(1814,1156)
(1171,781)
(1172,648)
(775,69)
(782,1749)
(1772,302)
(394,451)
(212,1992)
(1481,1891)
(34,1153)
(1523,1665)
(1543,211)
(107,1334)
(92,1537)
(176,963)
(970,1382)
(1540,1525)
(331,208)
(150,473)
(434,77)
(1884,758)
(1439,1377)
(1276,1232)
(1404,114)
(454,1337)
(776,205)
(354,69)
(822,497)
(766,1929)
(1267,145)
(687,790)
(1804,892)
(1079,1932)
(1717,853)
(731,1583)
(109,278)
(1836,1290)
(494,1710)
(1569,1123)
(1824,799)
(625,553)
(791,1223)
(1525,1645)
(1078,547)
(1013,40)
(1206,1685)
(1342,929)
(115,1235)
(336,1748)
(1567,1730)
(686,27)
(1971,229)
(1735,744)
(1160,725)
(1792,1904)
(1727,1472)
(645,760)
(1476,525)
(647,585)
(1897,82)
(1003,197)
(1768,291)
(1890,1456)
(410,1752)
(1216,1104)
(840,529)
(493,586)
(1188,1560)
(864,1275)
(887,1139)
(89,170)
(1189,835)
(307,673)
(143,525)
(1603,202)
(1826,479)
(799,1482)
(540,1797)
(1286,857)
(610,582)
(1732,1479)
(1364,118)
(510,177)
(527,1658)
(1005,988)
(56,236)
(180,1838)
(1851,1296)
(909,893)
(319,1823)
(1736,312)
(831,1606)
(1630,1749)
(1418,379)
(1955,1739)
(1148,370)
(609,1672)
(1830,1930)
(1597,1579)
(1388,220)
(366,989)
(1007,1117)
(680,564)
(1671,723)
(1075,311)
(1162,1867)
(1311,614)
(95,1954)
(1562,973)
(1563,129)
(283,778)
(553,164)
(178,1604)
(1415,1792)
(532,228)
(324,525)
(1856,1655)
(1027,811)
(1967,1520)
(302,965)
(240,1594)
(1197,1946)
(654,666)
(1084,1789)
(1531,1075)
(540,652)
(5,706)
(1353,1365)
(1355,1975)
(1419,1793)
(1017,1774)
(1729,1182)
(410,1473)
(456,1318)
(1137,1259)
(519,1201)
(1975,162)
(1319,317)
(1930,935)
(575,1247)
(1732,950)
(623,262)
(438,704)
(709,199)
(51,1961)
(654,1374)
(256,584)
(1412,1503)
(863,1228)
(1074,1486)
(1022,316)
(1197,1005)
(187,554)
(1006,992)
(424,1431)
(1894,105)
(329,1312)
(57,418)
(775,1035)
(1321,147)
(1005,1020)
(779,1771)
(1642,92)
(170,1249)
(574,268)
(1427,318)
(1467,1024)
(584,700)
(919,287)
(1884,1660)
(1457,135)
(387,1390)
(1022,1176)
(1796,993)
(137,1645)
(217,1425)
(1335,271)
(582,1954)
(270,1571)
(338,1482)
(1046,884)
(211,1629)
(704,1528)
(347,1037)
(1246,170)
(807,856)
(1248,1159)
(454,200)
(1033,632)
(917,1160)
(513,849)
(1966,1962)
(190,510)
(1829,973)
(501,447)
(1767,1750)
(1560,195)
(1423,1773)
(1300,929)
(84,1691)
(371,1507)
(1277,556)
(359,1416)
(738,1148)
(970,1984)
(519,100)
(967,1124)
(1879,1927)
(1654,1493)
(1470,228)
(1806,661)
(1225,533)
(1168,1380)
(840,1743)
(1731,1008)
(1949,438)
(1040,1638)
(1539,1636)
(1499,1729)
(810,204)
(633,112)
(375,1232)
(1036,424)
(1566,1807)
(1571,1213)
(1749,256)
(1401,1979)
(1887,1665)
(613,372)
(1697,1328)
(1730,1925)
(1057,352)
(1652,796)
(1300,834)
(221,375)
(1023,413)
(716,21)
(1099,1286)
(1842,1540)
(1898,97)
(1955,1369)
(299,1406)
(277,1594)
(1689,438)
(495,1139)
(412,1256)
(35,1224)
(1453,1839)
(1273,14)
(891,1206)
(54,942)
(696,737)
(353,1492)
(1171,1396)
(48,1571)
(218,340)
(232,850)
(1378,274)
(1102,2)
(1885,1524)
(1092,307)
(1729,117)
(1258,1155)
(1424,589)
(855,913)
(1156,1904)
(705,1773)
(1405,1085)
(644,1505)
(1604,884)
(1449,352)
(653,194)
(1545,20)
(1222,201)
(1030,1501)
(544,1192)
(1750,483)
(1664,683)
(1233,479)
(386,1007)
(1841,934)
(476,1809)
(1193,583)
(1953,1980)
(1346,1435)
(721,306)
(1893,471)
(352,565)
(1585,656)
(440,381)
(1724,905)
(857,708)
(172,1937)
(221,1721)
(675,640)
(329,878)
(1047,1932)
(857,349)
(1964,302)
(259,1848)
(1908,1518)
(1953,1795)
(1534,1089)
(208,1891)
(260,231)
(609,1315)
(1633,1040)
(239,1889)
(1949,964)
(1077,1610)
(1212,188)
(1179,16)
(1799,610)
(790,1614)
(293,470)
(1374,1094)
(178,1222)
(860,1754)
(1864,207)
(1067,1921)
(1470,1299)
(90,1324)
(15,561)
(1532,493)
(1244,187)
(909,1684)
(1762,703)
(612,113)
(818,1484)
(281,1458)
(937,904)
(836,1015)
(1092,1189)
(1938,1024)
(992,793)
(1622,1215)
(673,912)
(1015,426)
(550,519)
(1245,1635)
(1500,941)
(553,1853)
(1448,843)
(141,1580)
(925,823)
(101,1798)
(1949,721)
(333,205)
(1974,1071)
(791,771)
(1553,1070)
(964,1279)
(1642,1174)
(730,1538)
(1844,1865)
(777,449)
(1150,1341)
(87,1018)
(42,128)
(1413,233)
(817,0)
(897,1000)
(1767,293)
(960,1820)
(131,1959)
(1020,165)
(282,1280)
(195,1808)
(360,1937)
(1976,47)
(49,687)
(874,1073)
(502,1430)
(831,3)
(1634,1704)
(879,313)
(5,321)
(710,1157)
(643,565)
(1738,661)
(1600,1309)
(1811,1619)
(1200,1268)
(1484,479)
(3,1878)
(1316,782)
(1716,1204)
(544,532)
(473,379)
(775,123)
(379,1432)
(1240,1350)
(1269,1252)
(146,1588)
(729,318)
(1795,887)
(394,319)
(860,899)
(1273,532)
(1651,745)
(372,795)
(696,13)
(1735,1638)
(1734,946)
(366,1354)
(1982,1922)
(389,1604)
(927,1215)
(1692,1709)
(876,653)
(296,1269)
(1596,333)
(151,694)
(177,908)
(1195,457)
(995,646)
(399,1473)
(219,1018)
(330,1013)
(290,41)
(1254,132)
(165,1802)
(1630,804)
(296,30)
(568,17)
(1585,630)
(162,1023)
(216,1301)
(1891,770)
(1359,976)
(1561,1845)
(77,542)
(1832,1839)
(88,1717)
(413,1768)
(289,1863)
(1540,591)
(467,170)
(1380,1419)
(1225,585)
(1296,999)
(137,653)
(463,787)
(4,1601)
(1329,309)
(744,418)
(1520,1627)
(1605,1041)
(1709,1910)
(1117,1227)
(215,1368)
(567,1798)
(194,1905)
(1476,1249)
(221,872)
(314,1705)
(1242,976)
(767,1271)
(1403,100)
(212,941)
(934,740)
(441,1309)
(1708,1411)
(313,1216)
(5,889)
(530,887)
(1510,761)
(657,441)
(151,566)
(1601,471)
(106,1754)
(1076,1937)
(672,1384)
(197,468)
(761,1427)
(306,430)
(1027,1245)
(1942,1273)
(674,1988)
(1070,1465)
(939,73)
(25,892)
(348,77)
(820,1682)
(1380,1079)
(1685,1959)
(634,1333)
(1939,431)
(1763,1666)
(1041,1759)
(1432,1242)
(1082,1444)
(971,1779)
(732,1180)
(1351,334)
(1749,340)
(397,727)
(338,927)
(132,1793)
(277,1702)
(1916,827)
(1302,1452)
(421,238)
(1096,1696)
(1611,843)
(682,1822)
(640,1984)
(1502,31)
(1733,331)
(919,1595)
(79,1223)
(278,637)
(981,959)
(1109,1497)
(1901,994)
(1686,304)
(292,437)
(295,1224)
(226,1898)
(852,807)
(8,397)
(628,919)
(1398,1774)
(686,167)
(1921,1068)
(1482,1592)
(1046,181)
(629,822)
(917,589)
(1655,710)
(624,1857)
(1737,166)
(248,513)
(696,95)
(1463,1590)
(1809,1252)
(750,1145)
(1529,1760)
(359,1810)
(404,343)
(344,39)
(1047,1655)
(1912,1025)
(1249,305)
(695,540)
(1313,92)
(1231,1773)
(1858,688)
(125,1590)
(1570,1182)
(863,1930)
(1978,1170)
(881,1648)
(1800,1954)
(601,1751)
(287,253)
(1729,564)
(207,1644)
(1859,361)
(465,891)
(564,1833)
(1251,349)
(1329,1666)
(1593,496)
(1685,1711)
(67,336)
(540,664)
(1571,151)
(1995,1976)
(1966,1845)
(537,1217)
(409,1369)
(802,1395)
(1613,1410)
(1521,1730)
(1627,1344)
(1134,552)
(719,1700)
(182,1025)
(727,1065)
(788,42)
(1526,1024)
(1133,661)
(706,1557)
(1653,680)
(54,1101)
(1370,104)
(504,1451)
(720,1924)
(494,1041)
(416,591)
(684,1790)
(1541,156)
(1033,1980)
(885,146)
(1834,1162)
(1760,1961)
(209,1544)
(534,31)
(566,1999)
(689,37)
(1989,612)
(1517,1265)
(505,1158)
(1711,1284)
(61,1146)
(1025,1938)
(1121,1213)
(992,1550)
(1502,1899)
(1315,797)
(747,481)
(329,1948)
(1957,341)
(868,523)
(1026,1438)
(1276,535)
(483,1802)
(1232,495)
(1571,743)
(1346,68)
(610,1262)
(1182,866)
(1612,69)
(13,1789)
(243,927)
(568,205)
(1278,543)
(794,1378)
(509,1379)
(666,1326)
(1341,1025)
(676,815)
(1524,1052)
(487,41)
(1465,1180)
(1679,590)
(953,1274)
(1106,356)
(1096,1205)
(853,1676)
(322,942)
(1791,833)
(1650,207)
(915,1296)
(616,291)
(1938,1843)
(1573,1357)
(205,1329)
(1294,1284)
(139,1028)
(137,1175)
(1764,480)
(741,1941)
(618,1191)
(1676,1492)
(1769,245)
(700,1135)
(113,668)
(1582,756)
(1971,634)
(861,271)
(1009,1860)
(194,537)
(1654,583)
(978,1885)
(616,774)
(1780,1100)
(1375,117)
(955,982)
(348,412)
(802,1428)
(219,1394)
(1784,124)
(1086,506)
(703,705)
(1195,828)
(63,1502)
(1812,209)
(533,1781)
(392,1786)
(1587,1378)
(1836,1014)
(1601,314)
(606,670)
(555,745)
(1014,712)
(1615,305)
(284,1129)
(1145,748)
(874,1409)
(1533,1169)
(1236,487)
(489,747)
(1410,280)
(1619,1764)
(1394,1517)
(912,1460)
(65,319)
(1479,610)
(1136,702)
(1847,1555)
(836,225)
(505,1071)
(247,154)
(1358,1492)
(1695,1098)
(1338,1048)
(324,624)
(1371,1943)
(765,586)
(1352,1981)
(713,1334)
(1986,1724)
(1142,460)
(1291,451)
(304,904)
(844,695)
(545,136)
(1183,1426)
(1711,1731)
(130,1008)
(535,1689)
(295,1822)
(591,1891)
(1274,266)
(1869,1669)
(813,1777)
(17,1419)
(1727,995)
(37,49)
(1860,1063)
(1844,1659)
(1298,1809)
(1536,987)
(439,442)
(1050,543)
(1185,1358)
(89,681)
(994,1904)
(646,730)
(1245,463)
(1344,1082)
(1705,321)
(1500,1599)
(1285,1054)
(598,209)
(1880,1290)
(321,1092)
(664,1108)
(325,257)
(880,578)
(408,1874)
(321,1500)
(1993,1312)
(1638,1882)
(56,118)
(833,1328)
(403,1800)
(1000,613)
(1547,1163)
(644,1816)
(640,1409)
(1550,1355)
(1903,1510)
(275,1837)
(106,971)
(1958,1469)
(7,808)
(945,1445)
(1826,232)
(1063,1406)
(1129,561)
(1930,381)
(757,1985)
(1250,1154)
(1221,47)
(653,899)
(1921,330)
(360,331)
(1708,64)
(853,1060)
(585,1084)
(1753,871)
(781,1131)
(1929,1345)
(597,716)
(1342,1789)
(725,1033)
(721,433)
(1019,1056)
(1655,542)
(1993,1370)
(1015,730)
(1565,1239)
(194,997)
(282,958)
(1351,1468)
(1420,172)
(918,500)
(1510,418)
(860,381)
(1489,113)
(1808,32)
(1941,301)
(1656,1528)
(1265,773)
(373,115)
(1960,1352)
(376,1735)
(562,1834)
(1607,570)
(345,460)
(759,70)
(1919,1731)
(741,1823)
(352,207)
(1724,93)
(1994,884)
(1540,1905)
(610,337)
(649,298)
(227,1521)
(1332,1717)
(17,1837)
(564,1286)
(947,1467)
(780,948)
(1427,1189)
(1219,738)
(1715,1688)
(998,907)
(1788,669)
(1826,268)
(1357,571)
(1047,1366)
(1068,1519)
(1710,650)
(120,1340)
(113,898)
(1203,1889)
(700,1064)
(1653,859)
(1674,1525)
(214,124)
(1075,382)
(1861,1963)
(1985,51)
(355,1584)
(1722,830)
(1411,810)
(402,947)
(1175,444)
(338,1879)
(105,1733)
(1305,1256)
(1865,833)
(1105,1921)
(1976,209)
(274,1565)
(1755,45)
(532,195)
(234,1009)
(1572,54)
(662,1664)
(1757,893)
(1253,745)
(899,439)
(1006,655)
(961,1088)
(445,1389)
(1918,400)
(1321,1880)
(630,904)
(384,1600)
(922,698)
(1807,768)
(412,1618)
(370,1123)
(804,1807)
(1847,1775)
(919,1118)
(664,1242)
(696,945)
(1413,1192)
(1427,799)
(1131,1149)
(1912,67)
(1578,1768)
(1982,300)
(1597,205)
(1325,148)
(1317,245)
(58,553)
(1793,899)
(500,1241)
(477,1500)
(990,1170)
(821,1873)
(1060,531)
(1653,1322)
(1274,777)
(232,163)
(1265,1416)
(577,48)
(230,774)
(1704,212)
(1358,978)
(1385,261)
(1776,1257)
(1437,804)
(166,225)
(1479,1915)
(1723,484)
(1889,293)
(799,1853)
(476,42)
(888,1975)
(1198,1628)
(337,15)
(1060,524)
(1617,1175)
(198,117)
(978,1862)
(1345,1205)
(94,1721)
(598,1963)
(1076,1228)
(1857,68)
(1161,1589)
(943,1507)
(338,823)
(1269,856)
(1453,1724)
(1811,1026)
(405,816)
(44,1)
(1093,504)
(1802,1738)
(1074,1727)
(685,478)
(1305,801)
(1211,1648)
(1549,1479)
(1303,904)
(312,302)
(535,1560)
(515,940)
(1936,1787)
(1425,87)
(79,332)
(126,1191)
(608,1034)
(606,1292)
(1380,854)
(999,1831)
(1453,1739)
(1850,1119)
(892,88)
(1171,935)
(1355,496)
(445,967)
(1931,297)
(1930,610)
(766,494)
(697,94)
(211,1201)
(356,770)
(1368,489)
(805,1140)
(250,1403)
(554,534)
(1422,1747)
(985,770)
(59,844)
(192,629)
(811,746)
(221,1145)
(1553,1612)
(1521,484)
(1072,1254)
(1693,7)
(621,1720)
(1011,891)
(731,1051)
(1926,1310)
(1804,1745)
(1382,447)
(1008,202)
(9,1444)
(505,804)
(1705,734)
(1358,1303)
(597,1375)
(348,192)
(983,365)
(1640,609)
(425,781)
(1665,1516)
(1814,573)
(685,782)
(1397,1959)
(330,1891)
(1874,1654)
(1295,997)
(1913,427)
(507,652)
(1839,198)
(1318,711)
(212,956)
(221,1787)
(345,1123)
(118,1619)
(1473,377)
(1590,421)
(1669,782)
(1528,807)
(451,815)
(1947,1965)
(1684,967)
(1745,1862)
(1432,1806)
(479,1386)
(1847,831)
(1418,989)
(457,1497)
(1619,1706)
(1565,1954)
(1537,1745)
(639,1557)
(1158,64)
(850,1952)
(466,1301)
(213,586)
(995,1034)
(1830,1237)
(1139,1446)
(826,928)
(243,391)
(1140,289)
(766,295)
(148,713)
(973,659)
(228,1824)
(1804,1057)
(1781,1218)
(220,1359)
(1049,534)
(42,599)
(1408,1486)
(132,1195)
(837,297)
(184,1568)
(1318,921)
(1056,1982)
(30,1694)
(1684,1590)
(116,226)
(829,1228)
(1842,500)
(1784,395)
(328,1444)
(402,1350)
(819,1878)
(242,486)
(1555,204)
(825,1711)
(1066,512)
(910,1254)
(1692,773)
(1320,46)
(1572,694)
(1295,1702)
(1039,284)
(360,1720)
(100,527)
(213,1716)
(1986,958)
(1586,410)
(1692,743)
(1313,1539)
(1193,862)
(1819,895)
(911,1370)
(1841,41)
(824,1204)
(1075,784)
(263,1386)
(826,794)
(1384,1248)
(101,1759)
(159,81)
(399,1957)
(1780,173)
(1725,716)
(1485,321)
(1497,1825)
(1388,1385)
(713,1190)
(1827,1223)
(1861,1062)
(1017,746)
(1930,1367)
(261,846)
(1053,1926)
(1671,382)
(1493,911)
(1068,1094)
(747,573)
(235,456)
(1969,518)
(903,272)
(1776,272)
(439,756)
(1947,732)
(931,27)
(1890,1280)
(1914,1330)
(433,963)
(1385,414)
(625,913)
(964,1743)
(441,859)
(1255,757)
(1536,1767)
(1960,1952)
(1770,1227)
(64,872)
(1774,221)
(1631,1507)
(1866,217)