(467,1635)
(2594,516)
(2980,184)
(783,447)
(2998,2051)
(310,666)
(789,2695)
(2995,1859)
(122,1509)
(517,938)
(2713,1793)
(2642,2367)
(1133,1277)
(2176,1782)
(1749,1115)
(457,2597)
(701,2956)
(2436,1369)
(627,398)
(421,780)
(2238,2446)
(2280,757)
(1691,1863)
(1623,398)
(1126,1615)
(42,1553)
(1059,952)
(1205,1062)
(1262,1133)
(1858,949)
(1751,624)
(430,332)
(69,1157)
(699,371)
(2658,760)
(617,928)
(1868,388)
(2174,239)
(1842,2741)
(1808,1709)
(1,1927)
(1828,57)
(665,2836)
(780,1195)
(1239,2187)
(1226,1451)
(2704,2223)
(2755,2032)
(979,2614)
(1026,1183)
(1770,1933)
(2840,988)
(2256,2261)
(2640,313)
(1075,2311)
(867,2377)
(1559,351)
(2720,915)
(47,1491)
(2059,1262)
(1377,1917)
(1309,2550)
(925,1440)
(2114,2562)
(2975,1950)
(2161,1196)
(1431,2270)
(920,65)
(1231,1799)
(2306,1377)
(2046,1607)
(463,2208)
(1692,1588)
(1940,1271)
(1348,1199)
(783,1947)
(258,2080)
(2069,519)
(190,1188)
(2188,2953)
(2059,818)
(2534,1437)
(2656,1451)
(2068,2787)
(1887,34)
(1182,2435)
(59,2663)
(2697,2293)
(2070,193)
(1616,721)
(2638,2833)
(1785,1318)
(2003,2949)
(251,2061)
(2102,2941)
(2365,2245)
(2378,2792)
(1884,2383)
(579,985)
(510,2505)
(471,2400)
(2428,39)
(1708,1385)
(1035,1846)
(2821,2299)
(1865,506)
(800,713)
(1421,277)
(2946,2498)
(2439,2245)
(2319,1650)
(2487,1093)
(860,2790)
(1219,220)
(558,2035)
(2458,2621)
(13,1908)
(832,1748)
(1020,2726)
(562,357)
(576,2918)
(2205,149)
(2306,2199)
(1778,2707)
(641,2623)
(320,1983)
(2234,220)
(1185,1104)
(1344,484)
(2575,2244)
(622,2217)
(1472,365)
(475,972)
(1440,2835)
(492,1488)
(1799,348)
(113,958)
(1478,1527)
(1623,2938)
(1635,1187)
(2000,1509)
(916,1795)
(1680,711)
(2564,389)
(1477,1164)
(2535,205)
(222,294)
(591,2753)
(1569,883)
(1796,404)
(1505,1310)
(1702,704)
(2848,102)
(605,637)
(1315,425)
(1586,2966)
(1632,2522)
(1534,2835)
(951,1661)
(2598,1066)
(387,1591)
(345,2861)
(2906,602)
(2924,2739)
(1054,2650)
(1168,687)
(2878,1325)
(1915,1346)
(542,1583)
(733,809)
(2535,1294)
(1265,2343)
(89,94)
(2680,1860)
(2558,1846)
(788,1411)
(2879,2243)
(1890,1703)
(2765,2098)
(2253,701)
(2643,2190)
(2200,1732)
(1116,2674)
(1,349)
(2520,1143)
(2502,1520)
(1741,2762)
(1661,61)
(1786,491)
(71,2329)
(1842,649)
(1707,1648)
(1863,1790)
(1381,2588)
(2556,1893)
(2534,1822)
(1375,1865)
(2389,1264)
(2629,476)
(2078,750)
(2534,1280)
(889,1497)
(149,403)
(300,1151)
(2344,2280)
(2650,1214)
(2532,1930)
(480,2661)
(2186,751)
(2806,744)
(2261,1569)
(541,2172)
(2895,1964)
(2523,559)
(19,36)
(2090,2028)
(184,454)
(2423,1325)
(2829,640)
(432,1178)
(195,457)
(2092,1735)
(2291,359)
(2139,1451)
(355,415)
(999,863)
(2878,116)
(2928,47)
(191,2639)
(1780,1621)
(2610,688)
(531,1572)
(2525,2596)
(345,149)
(2911,2575)
(675,637)
(2496,832)
(139,2191)
(110,2266)
(170,651)
(2361,2782)
(1222,8)
(2950,1908)
(2887,1514)
(2187,1489)
(531,941)
(2834,1889)
(1139,1321)
(875,1863)
(1944,2665)
(2609,2203)
(2743,1764)
(2522,1548)
(2549,195)
(972,2926)
(1542,227)
(1804,2680)
(981,1547)
(1158,1424)
(999,2694)
(447,398)
(2999,1754)
(2233,2573)
(697,1704)
(1299,1912)
(2288,1115)
(1442,1720)
(2374,189)
(603,2531)
(410,1660)
(2842,1576)
(2861,2206)
(1925,2843)
(258,1478)
(1302,1050)
(2115,147)
(1624,568)
(2788,1913)
(1445,1039)
(1350,1502)
(1958,1841)
(859,980)
(176,232)
(996,577)
(2527,2862)
(2433,247)
(2576,2582)
(616,1327)
(2761,1249)
(1587,188)
(1387,1117)
(2349,952)
(2523,490)
(2005,1071)
(703,424)
(1399,2593)
(2654,1679)
(1706,1139)
(54,1058)
(1792,1920)
(708,2960)
(2024,2342)
(2576,2054)
(2686,614)
(965,2267)
(537,735)
(827,931)
(2918,483)
(2871,411)
(545,1201)
(1196,1633)
(2341,1158)
(2196,1494)
(1695,112)
(543,1578)
(1239,78)
(2018,1874)
(1406,2275)
(913,1084)
(1378,382)
(29,2009)
(2431,2407)
(2900,926)
(1320,1463)
(2430,1424)
(2080,424)
(2858,702)
(1614,1408)
(355,738)
(401,1046)
(2284,23)
(628,1422)
(2362,2620)
(2845,136)
(694,2230)
(1003,1821)
(250,422)
(1303,1008)
(750,587)
(138,609)
(1378,1565)
(375,808)
(2748,2834)
(1887,19)
(2377,1774)
(1654,2592)
(2572,1590)
(70,2084)
(2116,846)
(309,423)
(975,321)
(1565,658)
(2801,352)
(1905,681)
(751,2308)
(635,1508)
(598,892)
(1170,1817)
(900,2954)
(98,1894)
(1797,110)
(1091,517)
(2055,2991)
(632,916)
(657,139)
(1779,2926)
(869,1444)
(547,1616)
(881,2456)
(2226,1546)
(1411,2305)
(1799,1388)
(1704,977)
(1865,2172)
(755,2489)
(2779,199)
(1939,2054)
(2361,2640)
(2353,1048)
(2610,2428)
(764,13)
(2750,1759)
(1330,2014)
(810,552)
(2367,2915)
(45,2334)
(2078,494)
(698,2892)
(2894,2043)
(114,2270)
(1551,1150)
(1480,614)
(780,516)
(1355,1417)
(1729,637)
(2677,2307)
(2873,193)
(2055,2526)
(2321,2603)
(477,482)
(339,1337)
(1518,256)
(420,983)
(1442,2481)
(2112,321)
(2347,868)
(1353,1103)
(695,408)
(453,1797)
(1204,984)
(129,1607)
(988,2460)
(2542,2001)
(1216,1643)
(1099,2764)
(2770,1716)
(2260,408)
(216,1289)
(514,274)
(1739,2243)
(2361,914)
(313,1994)
(2071,1416)
(322,938)
(347,27)
(2262,768)
(2360,2171)
(902,2534)
(869,944)
(2931,2878)
(867,2532)
(814,2217)
(1650,2236)
(2683,210)
(238,2266)
(1474,2335)
(2365,542)
(2461,2726)
(1382,2005)
(835,399)
(2971,2050)
(2424,1375)
(1328,2817)
(2297,246)
(1316,85)
(2102,2948)
(2799,1440)
(497,1929)
(2160,1203)
(2813,857)
(746,187)
(1443,2586)
(147,2204)
(658,2476)
(2263,2831)
(1751,2606)
(5,9)
(1959,1823)
(2007,979)
(2317,542)
(2107,1557)
(1764,2308)
(1896,170)
(2279,1013)
(2421,2297)
(1517,323)
(759,2694)
(2003,59)
(496,974)
(1052,936)
(2203,344)
(727,1451)
(1413,2401)
(1532,2178)
(1046,586)
(935,1994)
(2004,556)
(242,494)
(1619,870)
(153,889)
(1525,2626)
(518,1950)
(1647,2521)
(1888,1393)
(2998,1070)
(13,988)
(1505,2022)
(544,1349)
(677,183)
(1058,2621)
(1588,931)
(2236,539)
(115,899)
(1185,3)
(896,24)
(1745,1225)
(2167,43)
(1049,644)
(219,887)
(190,2582)
(2369,1730)
(1386,1918)
(1618,1088)
(1578,2789)
(855,1159)
(2893,752)
(2952,238)
(749,2529)
(2210,1274)
(1395,2295)
(150,2056)
(2079,1076)
(1154,224)
(972,604)
(729,1296)
(1812,1783)
(2171,2212)
(2736,1453)
(745,716)
(2229,2456)
(1464,129)
(640,2591)
(710,2603)
(2028,793)
(196,1055)
(2659,1929)
(2450,2647)
(497,758)
(1506,2739)
(407,1026)
(1377,751)
(393,1132)
(2688,2217)
(36,1713)
(2150,1307)
(1202,1106)
(2549,2597)
(2374,1705)
(2369,2774)
(621,555)
(13,1604)
(1069,1548)
(2032,177)
(766,2318)
(1265,723)
(968,2343)
(2392,137)
(1378,137)
(1501,2890)
(2872,1064)
(1759,2842)
(2841,2639)
(1609,2697)
(2999,2488)
(2796,2578)
(1447,2247)
(1915,2168)
(2867,1360)
(2127,282)
(1545,2070)
(489,906)
(2587,1942)
(2883,1386)
(160,1409)
(1514,592)
(2917,2253)
(2780,2544)
(1655,320)
(2708,2894)
(2385,1450)
(150,1762)
(1789,2597)
(649,2538)
(250,733)
(2721,212)
(291,2567)
(1295,1965)
(544,1252)
(2974,2797)
(1561,1057)
(1828,2339)
(2554,295)
(414,1746)
(1892,202)
(1912,1126)
(1347,2613)
(472,1831)
(1230,1020)
(773,2139)
(1263,1047)
(928,1897)
(920,524)
(103,2599)
(2984,1746)
(2202,1329)
(465,1142)
(2002,1789)
(1421,220)
(1648,2279)
(994,55)
(1227,504)
(1345,2380)
(1871,2536)
(2109,229)
(2533,2979)
(2970,972)
(505,1660)
(1922,1527)
(2740,1210)
(2634,2626)
(1166,1578)
(965,1059)
(1980,2954)
(93,774)
(2779,1745)
(5,2177)
(1901,2612)
(803,2217)
(197,1572)
(1937,1878)
(607,1912)
(975,1189)
(2687,2772)
(2479,1337)
(2256,2863)
(792,2254)
(2157,32)
(1745,2836)
(2460,2749)
(2111,2935)
(2930,2083)
(2579,1026)
(2163,703)
(2640,904)
(92,1131)
(2547,2932)
(308,2315)
(2475,2825)
(1466,1360)
(1561,18)
(2665,2302)
(2907,2333)
(1390,2992)
(1242,1508)
(743,1694)
(1987,1413)
(927,915)
(2674,2732)
(1226,1539)
(2481,1058)
(383,2428)
(2426,92)
(19,497)
(2475,405)
(2449,2138)
(236,672)
(139,441)
(1293,193)
(78,1330)
(2932,186)
(601,881)
(2248,2436)
(739,1444)
(1534,652)
(2837,34)
(1364,2331)
(820,967)
(749,536)
(61,2711)
(1048,2416)
(2322,2559)
(797,294)
(1394,783)
(1160,2346)
(1070,2746)
(951,32)
(1114,1584)
(2178,2993)
(288,458)
(778,523)
(2221,2789)
(934,1482)
(1891,2684)
(2248,415)
(309,877)
(2783,1353)
(2251,1376)
(1108,735)
(510,1736)
(581,1837)
(1444,215)
(946,1296)
(812,1284)
(2767,966)
(1183,566)
(1948,1089)
(2016,1254)
(2735,2113)
(2728,2922)
(862,1356)
(2368,2006)
(7,2039)
(1434,2495)
(165,1736)
(694,2524)
(1992,2195)
(1687,1276)
(1799,2940)
(1124,1929)
(2076,2658)
(566,383)
(2707,817)
(1805,2324)
(2478,2159)
(1280,311)
(2368,603)
(1808,1008)
(274,2079)
(388,0)
(865,157)
(149,384)
(127,2030)
(2840,2548)
(16,1552)
(1149,1463)
(684,2360)
(957,908)
(1979,1157)
(2647,575)
(2866,2951)
(2646,1436)
(2274,2697)
(2776,660)
(1668,2746)
(25,2007)
(963,2182)
(201,2507)
(1642,1802)
(1768,280)
(2976,1296)
(1905,1098)
(2599,2252)
(1840,1191)
(522,845)
(410,1853)
(894,1828)
(2107,1730)
(821,58)
(1156,2431)
(1941,489)
(1509,901)
(1929,2834)
(2128,2094)
(1262,1263)
(800,2279)
(2765,2284)
(636,982)
(1694,2362)
(2985,2102)
(231,2388)
(884,1068)
(1448,2575)
(2756,902)
(1675,476)
(1887,405)
(1551,2761)
(1087,1423)
(2173,614)
(1270,2973)
(1227,595)
(392,2294)
(931,1348)
(368,1876)
(530,1169)
(1196,1645)
(1590,20)
(43,188)
(1176,2425)
(2637,2504)
(2919,2074)
(2533,454)
(2465,768)
(19,970)
(2128,1216)
(2652,704)
(2686,2670)
(814,2965)
(994,1520)
(2819,1022)
(127,2496)
(1360,422)
(2283,2484)
(2466,366)
(1716,2128)
(313,42)
(608,2953)
(1650,1757)
(2972,2624)
(1464,767)
(2570,1199)
(2946,1882)
(1466,1693)
(2767,55)
(771,221)
(2231,1520)
(775,31)
(794,1779)
(1699,1900)
(2037,2095)
(969,620)
(1086,2683)
(415,845)
(875,693)
(1,1323)
(49,2563)
(1250,2808)
(1529,944)
(480,2777)
(837,2857)
(2485,277)
(2664,901)
(1855,1673)
(2240,522)
(2090,449)
(160,2346)
(675,1205)
(2010,798)
(2895,1681)
(239,278)
(1209,2126)
(1003,2725)
(832,1480)
(319,2536)
(2758,1861)
(999,2935)
(1734,1928)
(974,2500)
(2196,1428)
(94,2626)
(1233,450)
(1650,1035)
(390,846)
(2476,777)
(920,1315)
(715,594)
(1098,798)
(2828,227)
(1731,411)
(2466,2402)
(1273,2136)
(2099,1693)
(211,1833)
(2587,1688)
(1370,2619)
(1839,490)
(1432,888)
(1662,2199)
(2915,1845)
(159,712)
(1476,1922)
(1932,2850)
(983,1640)
(1005,2505)
(1459,1516)
(1481,378)
(1892,2879)
(1116,220)
(2191,2674)
(432,2438)
(1929,1705)
(1531,2003)
(1353,2023)
(1159,913)
(1961,140)
(687,2036)
(157,2294)
(2030,2068)
(2934,785)
(2853,2771)
(1409,1586)
(561,1846)
(80,2987)
(2045,2751)
(980,1192)
(210,2814)
(2785,276)
(2875,1484)
(265,2896)
(2309,950)
(1320,1258)
(920,1325)
(903,1346)
(2352,1974)
(629,2213)
(2712,2231)
(2493,1936)
(2664,2279)
(2411,1863)
(1579,981)
(1730,2586)
(1102,2037)
(961,73)
(1949,1432)
(2432,500)
(379,2334)
(1945,1250)
(533,529)
(2639,2467)
(28,339)
(2172,2638)
(2317,1388)
(2178,1498)
(2349,2231)
(972,2871)
(655,2641)
(359,2759)
(271,2672)
(1247,2328)
(693,2918)
(1118,1200)
(2761,1295)
(160,1459)
(831,2066)
(2297,1167)
(1140,2172)
(547,1789)
(2166,2536)
(1506,489)
(2650,1407)
(822,1677)
(2394,1851)
(907,2475)
(954,2082)
(2101,752)
(2367,650)
(437,1123)
(983,1910)
(2449,1857)
(2498,2442)
(2292,698)
(1580,1028)
(1746,257)
(1842,652)
(1297,1134)
(1715,2475)
(684,369)
(637,1991)
(2214,2928)
(2571,584)
(2626,1949)
(1008,2191)
(2003,1437)
(148,477)
(841,40)
(2172,2243)
(1498,1920)
(1909,2079)
(388,42)
(2072,620)
(1704,2)
(2810,2352)
(2618,1532)
(812,324)
(2785,2959)
(663,1960)
(1617,1676)
(1675,1105)
(2940,728)
(2785,256)
(1281,2041)
(878,2213)
(217,2636)
(1524,958)
(1599,1150)
(2450,2998)
(521,522)
(1935,991)
(2185,2229)
(2165,918)
(506,1932)
(2427,952)
(1181,1295)
(2725,1559)
(88,868)
(2912,1486)
(2275,1226)
(2782,1559)
(1023,1978)
(1158,521)
(590,73)
(1196,2382)
(2370,1106)
(2927,2183)
(1328,1366)
(801,946)
(461,2221)
(1304,2927)
(2539,1480)
(1836,856)
(410,460)
(2655,237)
(1960,1017)
(2707,2229)
(626,1814)
(2539,586)
(316,1461)
(1592,1758)
(1327,1903)
(1827,737)
(419,899)
(2682,578)
(1683,2732)
(1214,759)
(1064,1037)
(2290,1349)
(1525,199)
(1861,2649)
(2783,1314)
(2613,368)
(802,1225)
(1919,2176)
(2071,1731)
(244,1007)
(986,222)
(547,1212)
(2180,902)
(2342,2475)
(2318,1081)
(619,1189)
(2056,2737)
(86,1005)
(2723,368)
(2569,2906)
(1153,675)
(2104,2527)
(1325,2014)
(583,2181)
(1235,189)
(513,2509)
(2354,2398)
(308,382)
(2041,377)
(2635,769)
(2516,2229)
(18,2869)
(1513,2991)
(2302,78)
(1274,1993)
(683,2749)
(1600,2317)
(386,2811)
(175,1947)
(2811,613)
(2606,502)
(853,2167)
(1503,1868)
(1153,2934)
(936,1281)
(2398,895)
(370,587)
(2650,2990)
(394,2563)
(2527,2832)
(1480,2439)
(838,1297)
(87,647)
(1342,68)
(2520,1378)
(2523,2066)
(666,1967)
(240,2637)
(730,2469)
(2486,571)
(70,415)
(2649,1406)
(1940,579)
(1338,2690)
(2062,951)
(1048,688)
(800,2944)
(1917,1431)
(2782,275)
(1182,1493)
(284,2626)
(2465,242)
(2079,2836)
(798,982)
(749,2232)
(1889,1164)
(2291,474)
(2062,2864)
(1706,2092)
(37,2663)
(2545,425)
(1009,2204)
(644,725)
(2343,2970)
(1142,2171)
(1402,2452)
(622,770)
(788,205)
(2116,9)
(708,2397)
(2980,1524)
(221,1331)
(267,1058)
(148,1029)
(2363,1556)
(1411,2706)
(2203,2971)
(2812,1402)
(1512,2294)
(1502,2336)
(2179,1613)
(1877,592)
(1167,604)
(206,153)
(766,2289)
(1258,1223)
(481,2871)
(396,56)
(2706,1271)
(2371,2935)
(1693,2341)
(1070,2683)
(1738,778)
(2259,526)
(1090,2872)
(1335,448)
(1582,918)
(52,658)
(1337,773)
(2155,109)
(1490,18)
(1011,1102)
(1098,1785)
(50,1972)
(2940,2414)
(2734,1334)
(2462,789)
(1556,1265)
(883,665)
(544,366)
(2598,2085)
(922,1918)
(947,1521)
(1752,1893)
(2377,642)
(851,2406)
(2732,1545)
(784,2235)
(539,2579)
(1998,1246)
(873,1221)
(1325,1254)
(1472,2241)
(1392,1571)
(1711,816)
(291,2312)
(1225,2402)
(338,1780)
(1241,956)
(1759,1533)
(2301,1153)
(643,2895)
(2496,1572)
(94,652)
(527,1180)
(101,1369)
(1049,1660)
(1709,2119)
(91,2082)
(2668,2041)
(1264,1922)
(2378,412)
(589,454)
(2255,2801)
(1023,110)
(2345,1619)
(2139,495)
(404,1362)
(2868,2834)
(226,1092)
(2610,846)
(1719,1009)
(1005,541)
(2497,956)
(2251,1988)
(1261,1017)
(600,2652)
(2305,2375)
(2720,1157)
(1757,948)
(2228,28)
(2437,520)
(671,410)
(1622,2736)
(149,493)
(1034,2662)
(108,809)
(1062,2309)
(2154,2910)
(1993,2054)
(80,2584)
(455,1567)
(2905,1977)
(1462,1722)
(1817,557)
(1883,1730)
(2565,141)
(2670,947)
(2367,2358)
(480,473)
(819,392)
(1020,434)
(1855,429)
(790,1494)
(2682,938)
(810,2596)
(1265,744)
(1126,1802)
(1916,1562)
(2484,2247)
(1649,2761)
(2669,53)
(2813,1978)
(1708,633)
(2018,743)
(271,91)
(2522,2058)
(1737,295)
(2373,2908)
(782,2303)
(150,1884)
(755,1314)
(713,780)
(1231,407)
(2345,692)
(661,2024)
(1355,503)
(2920,2090)
(167,2760)
(2999,2572)
(1268,1129)
(2671,2202)
(176,1777)
(43,1140)
(724,1249)
(2048,1788)
(864,2746)
(1689,991)
(1763,975)
(2280,2640)
(1892,1258)
(517,2314)
(922,1666)
(2219,54)
(2919,525)
(1902,1278)
(2624,731)
(2752,735)
(959,908)
(518,519)
(200,2652)
(2085,1329)
(2368,1118)
(2194,2915)
(2228,5)
(2745,1108)
(1199,2336)
(2664,195)
(1362,2900)
(24,28)
(82,2112)
(1606,54)
(2242,1244)
(2299,704)
(2730,2325)
(889,2957)
(948,191)
(2410,1275)
(1741,1637)
(1186,1114)
(1923,317)
(1567,1193)
(2704,1741)
(1129,359)
(550,967)
(1219,1157)
(2748,766)
(877,400)
(1551,1801)
(2529,2054)
(2088,2372)
(2661,1600)
(2263,2977)
(146,645)
(577,745)
(899,1131)
(1236,121)
(112,775)
(754,1240)
(2834,391)
(2933,2309)
(713,228)
(2972,1311)
(2404,1887)
(1916,2856)
(1267,1141)
(806,2386)
(397,2778)
(2623,877)
(130,1623)
(216,1563)
(392,1146)
(1699,641)
(380,1126)
(2946,2065)
(229,2640)
(2469,433)
(1610,2424)
(1764,154)
(385,399)
(504,1099)
(1972,1861)
(1623,140)
(639,1079)
(2199,2999)
(2125,542)
(1655,1713)
(1842,2688)
(85,1610)
(1344,2318)
(2872,555)
(433,2932)
(361,1378)
(2370,1405)
(352,461)
(1186,2895)
(2244,1667)
(2988,574)
(941,1987)
(1521,1832)
(2357,2381)
(481,2228)
(2392,2470)
(2338,1430)
(1100,625)
(1762,413)
(2963,2675)
(665,1018)
(1717,1767)
(1705,2847)
(15,126)
(528,1339)
(907,364)
(2554,2691)
(2974,501)
(158,1541)
(1995,1641)
(1677,2989)
(1961,297)
(233,1363)
(1821,1619)
(2057,655)
(2654,1727)
(449,2876)
(2260,333)
(1749,1127)
(607,2762)
(2124,259)
(734,95)
(2496,332)
(1342,1304)
(2047,807)
(1994,2674)
(2526,2482)
(2486,2267)
(2211,847)
(822,940)
(2280,1507)
(2674,1087)
(2198,2094)
(2744,2995)
(1969,1014)
(2475,149)
(1057,1035)
(1903,2799)
(1670,2942)
(2376,48)
(496,1239)
(2295,2384)
(2058,1192)
(1068,1928)
(344,286)
(1896,1007)
(18,1745)
(351,1650)
(1768,1914)
(2526,1521)
(1193,1977)
(201,1825)
(2183,1407)
(1576,360)
(1214,219)
(1747,2745)
(1689,2939)
(976,2814)
(1356,2541)
(167,1639)
(1934,801)
(1563,1990)
(1326,502)
(2156,1105)
(2730,2494)
(1253,2130)
(1397,1126)
(2721,965)
(2346,1497)
(356,1473)
(1510,150)
(2342,10)
(1255,2485)
(2027,2927)
(1058,2912)
(1429,2034)
(2301,2696)
(384,2651)
(495,2698)
(2875,2748)
(2738,1133)
(1146,2325)
(36,2097)
(2876,593)
(947,2218)
(734,2223)
(195,2985)
(1221,1996)
(1420,776)
(2351,1862)
(1203,2305)
(2949,2320)
(1131,2304)
(1577,2552)
(1331,2561)
(1214,219)
(2389,374)
(448,310)
(891,623)
(2497,620)
(996,2660)
(2974,937)
(1681,271)
(330,2557)
(1324,2740)
(2378,1627)
(1467,1067)
(989,2399)
(2960,843)
(1261,1807)
(2320,2839)
(585,2504)
(143,668)
(1046,676)
(254,319)
(2287,1482)
(874,419)
(703,1527)
(859,2023)
(2431,817)
(2107,1732)
(2574,1093)
(1994,897)
(232,1324)
(2535,993)
(1408,2648)
(1820,2701)
(2914,1690)
(363,1598)
(1297,1158)
(2289,2115)
(2153,404)
(997,1165)
(1820,1040)
(2989,2557)
(2866,10)
(711,1232)
(2764,2090)
(115,1286)
(2606,286)
(1636,660)
(2018,893)
(2413,129)
(1994,698)
(2560,540)
(2909,529)
(577,1005)
(2947,402)
(1443,2824)
(1858,2413)
(2448,718)
(201,2177)
(885,15)
(1978,1417)
(189,1525)
(1490,2162)
(2618,1074)
(846,1540)
(781,510)
(1389,1521)
(1386,2490)
(2153,627)
(2205,1804)
(1075,234)
(1967,2244)
(2690,2908)
(1457,2250)
(1456,1437)
(1608,1307)
(2457,1482)
(199,2007)
(20,51)
(1077,1732)
(222,2059)
(757,1789)
(1515,1813)
(883,1856)
(858,2628)
(474,530)
(369,1051)
(1445,2109)
(804,2145)
(99,1548)
(2596,989)
(2494,1261)
(85,2070)
(783,1442)
(2507,2415)
(413,1950)
(1297,1652)
(1773,811)
(1239,1962)
(745,1797)
(1064,317)
(2580,1939)
(2429,1973)
(1574,2599)
(1616,555)
(93,29)
(774,146)
(270,2027)
(334,1847)
(1603,108)
(1082,573)
(1569,989)
(2682,1532)
(37,611)
(998,1391)
(1622,1621)
(530,280)
(1742,2087)
(2026,1792)
(2904,628)
(2818,302)
(727,2994)
(953,2072)
(1374,669)
(1472,2785)
(1262,1911)
(1355,1690)
(866,205)
(325,1035)
(1491,2499)
(2257,1289)
(710,1117)
(2642,395)
(1782,2200)
(2465,38)
(2656,486)
(81,1876)
(660,1851)
(1980,2451)
(795,1902)
(800,1025)
(2792,616)
(2270,1139)
(957,1799)
(2864,2245)
(2828,38)
(2116,1429)
(2062,586)
(1571,868)
(984,2020)
(275,2617)
(2789,1798)
(1002,871)
(2174,2787)
(1661,2310)
(2958,1929)
(228,1971)
(154,2143)
(1727,1624)
(1728,299)
(2809,569)
(2495,1387)
(2910,1490)
(2984,1488)
(2416,178)
(1745,615)
(1376,1402)
(1848,2998)
(806,298)
(318,437)
(1795,1837)
(2601,65)
(377,952)
(145,1610)
(1492,1568)
(2762,1084)
(2058,2595)
(759,2063)
(1725,1744)
(2062,299)
(2768,2671)
(1489,1920)
(705,2828)
(385,582)
(554,852)
(1931,2782)
(519,1293)
(1101,858)
(2753,830)
(55,1955)
(1104,219)
(945,1989)
(392,681)
(1479,1230)
(781,2662)
(942,2672)
(1217,97)
(2641,2921)
(2498,2320)
(2276,246)
(813,104)
(560,2174)
(1737,556)
(2921,2835)
(432,1126)
(1452,1878)
(2977,269)
(20,2895)
(758,1841)
(110,2127)
(456,2320)
(2138,782)
(2606,1564)
(154,907)
(1330,1385)
(2710,2897)
(1013,745)
(603,1717)
(2826,1055)
(437,2210)
(29,1422)
(938,2199)
(483,495)
(2574,1123)
(1092,2304)
(1648,586)
(1630,731)
(1849,1408)
(1788,1087)
(2931,168)
(598,2824)
(2108,697)
(2111,1101)
(2505,1096)
(1458,2698)
(736,1579)
(462,1869)
(1229,1500)
(402,28)
(2152,1970)
(1909,1070)
(1205,2862)
(1214,160)
(431,13)
(160,346)
(1842,1360)
(2463,2126)
(1329,1963)
(2702,656)
(1091,2638)
(2066,1452)
(2160,2328)
(1256,1745)
(2244,744)
(806,2989)
(1206,2295)
(2469,2598)
(246,333)
(2435,2159)
(2439,1932)
(1607,2009)
(2373,1528)
(2040,1659)
(1480,204)
(1812,698)
(2079,1788)
(1045,271)
(2496,1006)
(1161,2228)
(2485,2626)
(2611,1795)
(1929,1519)
(1241,779)
(1722,1223)
(2858,1268)
(1569,1024)
(140,2315)
(1288,498)
(354,543)
(1764,1320)
(398,1065)
(2879,2349)
(309,1175)
(1884,2274)
(2219,917)
(1472,2078)
(2621,2580)
(986,779)
(278,606)
(780,1912)
(2240,1656)
(854,2639)
(2646,1598)
(456,185)
(2699,1816)
(422,1162)
(187,1392)
(1436,2601)
(571,261)
(1945,2456)
(2149,2120)
(984,762)
(2560,181)
(2805,1832)
(2754,2674)
(72,2442)
(2313,936)
(2600,657)
(1977,479)
(511,402)
(2761,1900)
(284,719)
(954,2935)
(348,281)
(1633,2118)
(1219,725)
(1424,291)
(1830,86)
(2155,2514)
(551,1023)
(1547,1913)
(1231,1144)
(1464,2332)
(613,1564)
(791,2534)
(205,815)
(2086,853)
(889,1189)
(2846,2639)
(2590,2954)
(310,2907)
(2536,2918)
(1757,1955)
(695,2379)
(2498,2629)
(251,2341)
(570,2106)
(1226,129)
(2115,1863)
(447,1568)
(2331,2896)
(1823,639)
(336,128)
(1866,466)
(2555,2889)
(1197,963)
(1796,385)
(2668,44)
(572,2771)
(1354,1902)
(2885,409)
(1163,2991)
(19,626)
(2149,1374)
(1344,2203)
(692,2249)
(1904,142)
(2784,510)
(323,867)
(2796,2238)
(2855,1987)
(289,68)
(1223,1901)
(2544,2133)
(105,775)
(596,527)
(1624,1476)
(2542,2478)
(2996,57)
(228,24)
(2825,2767)
(1094,2688)
(850,1607)
(1519,1618)
(2866,1712)
(2552,238)
(145,2244)
(1756,2331)
(2087,1437)
(602,475)
(2386,2762)
(1515,2765)
(2858,2755)
(131,937)
(600,946)
(2199,1973)
(1518,768)
(2938,87)
(612,1068)
(77,1412)
(1705,1803)
(184,1005)
(1976,204)
(397,1608)
(2764,224)
(2717,2611)
(1637,2936)
(970,1598)
(1195,2255)
(1682,1498)
(2400,2082)
(446,451)
(2780,1122)
(309,106)
(2989,2140)
(1209,1545)
(773,705)
(1285,1378)
(216,1030)
(454,80)
(1473,2035)
(2983,847)
(2962,1742)
(260,124)
(1784,799)
(2004,1472)
(2403,2606)
(1040,2557)
(781,2859)
(143,2629)
(1015,664)
(2955,1859)
(1398,2595)
(1054,2863)
(354,925)
(2145,2987)
(1837,665)
(835,918)
(293,531)
(2524,613)
(331,2036)
(2029,1747)
(1932,2131)
(258,1393)
(293,2282)
(763,433)
(2661,444)
(2181,2542)
(2468,1489)
(22,2651)
(854,262)
(1484,1303)
(1312,203)
(1042,2992)
(670,2028)
(2521,1770)
(1328,2947)
(1546,1343)
(2979,1132)
(1536,1855)
(1856,2403)
(2226,2034)
(58,494)
(1566,2026)
(2783,703)
(1490,379)
(1285,672)
(18,310)
(504,552)
(602,2152)
(2061,469)
(999,2222)
(936,1593)
(2310,1287)
(2850,27)
(2017,1045)
(2676,1472)
(1020,2236)
(2787,1195)
(2518,936)
(1221,66)
(837,153)
(177,528)
(2515,1814)
(989,359)
(2824,1860)
(2654,299)
(822,154)
(1753,2103)
(2472,621)
(2894,2719)
(2247,2551)
(1464,1956)
(678,425)
(67,2054)
(1099,505)
(316,1706)
(2556,100)
(1202,37)
(1438,855)
(2382,376)
(2502,243)
(501,1878)
(2644,2543)
(1045,1060)
(1973,2479)
(2492,2541)
(29,2108)
(2767,1205)
(1477,24)
(1923,1162)
(152,2003)
(1391,2694)
(257,2606)
(1175,1879)
(1511,2831)
(2148,2833)
(2152,1797)
(2539,15)
(2634,1077)
(1901,757)
(481,766)
(913,1676)
(2494,2443)
(82,1824)
(1789,1769)
(2252,312)
(388,2850)
(712,1501)
(489,296)
(1327,1146)
(1842,366)
(1667,1419)
(1244,1393)
(502,2962)
(1183,595)
(894,1207)
(1035,688)
(222,401)
(1190,2905)
(2061,2348)
(2139,1871)
(1612,1731)
(2716,643)
(2701,469)
(2974,477)
(1644,2313)
(965,2772)
(1510,2243)
(1506,2757)
(189,73)
(5,1102)
(895,247)
(508,1365)
(2639,582)
(170,70)
(1601,2423)
(1892,155)
(1071,1857)
(928,2099)
(1962,1381)
(699,1487)
(2861,2172)
(2677,2449)
(1983,101)
(655,1099)
(1158,2382)
(157,350)
(367,2954)
(486,2331)
(1137,1207)
(2372,2709)
(832,1929)
(1023,2893)
(783,1908)
(1197,904)
(1107,1163)
(2045,2973)
(1260,1998)
(1468,14)
(2716,365)
(666,1312)
(753,1977)
(386,137)
(1968,2584)
(836,1446)
(574,2447)
(2796,486)
(1795,2192)
(2384,1982)
(1824,801)
(2497,1205)
(1252,2770)
(66,954)
(1892,2147)
(1365,776)
(2588,101)
(1536,657)
(2451,1057)
(517,1570)
(2815,1094)
(1850,162)
(1735,1770)
(256,1247)
(322,1360)
(2548,2274)
(840,2771)
(1582,1378)
(208,426)
(2241,2676)
(109,200)
(2394,2680)
(2477,2655)
(2628,1263)
(1856,1547)
(153,327)
(1182,2448)
(249,1165)
(2092,932)
(644,367)
(1755,162)
(2057,320)
(2839,1603)
(1157,1666)
(574,516)
(2388,2293)
(664,722)
(2785,1305)
(2868,677)
(1616,2047)
(2484,1959)
(1328,2137)
(1052,2495)
(823,2656)
(15,277)
(570,57)
(907,2491)
(831,2515)
(1402,1281)
(757,1918)
(2261,1064)
(993,1341)
(1234,2493)
(1455,831)
(1216,290)
(628,2589)
(1324,2467)
(275,2166)
(979,2554)
(338,2013)
(1315,1676)
(739,17)
(1716,2775)
(2192,470)
(2962,1235)
(2277,2939)
(957,2781)
(773,1840)
(1412,444)
(103,1021)
(1355,2349)
(25,1807)
(2392,1903)
(2594,1086)
(2731,1573)
(233,1270)
(196,73)
(2566,183)
(2016,2900)
(1070,669)
(149,1075)
(725,1532)
(1605,769)
(443,960)
(485,1273)
(1227,308)
(1759,2526)
(93,316)
(713,1777)
(91,2334)
(490,2199)
(2906,2017)
(2282,2828)
(252,2149)
(2412,1137)
(1879,2597)
(233,2135)
(1264,1051)
(2461,1353)
(1261,2696)
(283,497)
(422,2547)
(1029,710)
(833,814)
(1168,2839)
(2613,848)
(1155,1895)
(1403,1163)
(1308,918)
(1392,1768)
(1030,2342)
(1812,2327)
(2050,2071)
(247,2800)
(2006,2010)
(1147,34)
(1862,2152)
(1149,1675)
(2269,1162)
(1080,2321)
(170,2047)
(1432,2553)
(2063,754)
(1506,996)
(1140,1973)
(946,306)
(1106,2379)
(2149,868)
(2936,1778)
(268,1022)
(1226,2694)
(2896,472)
(1389,2502)
(15,1637)
(833,1242)
(136,1836)
(1291,2461)
(2755,639)
(2275,1456)
(1070,2086)
(1852,2867)
(996,2769)
(2046,559)
(2464,821)
(29,1937)
(1947,395)
(2154,1995)
(208,534)
(338,1800)
(1774,870)
(1998,2179)
(1069,2447)
(1603,550)
(560,1208)
(2095,307)
(97,2748)
(1948,2927)
(287,1082)
(2881,2735)
(2884,447)
(2148,805)
(1345,633)
(1260,2364)
(369,2884)
(2577,2614)
(813,1696)
(1768,647)
(415,2717)
(1051,165)
(2620,2948)
(2435,2098)
(2656,1148)
(2506,506)
(514,708)
(1171,267)
(1474,1999)
(2148,360)
(1956,1820)
(1027,14)
(1135,1500)
(1756,813)
(1298,866)
(2135,2581)
(466,1646)
(1282,1500)
(1745,747)
(2842,736)
(797,81)
(1583,2204)
(2394,2591)
(2093,422)
(1428,986)
(489,777)
(887,2465)
(841,921)
(1630,552)
(1507,546)
(787,2191)
(2854,382)
(808,1394)
(1007,890)
(953,297)
(1598,1356)
(1441,2946)
(761,2890)
(2574,2260)
(2786,1248)
(64,882)
(2330,1363)
(609,458)
(1162,2314)
(513,2463)
(2002,1110)
(1730,2101)
(739,2729)
(2915,1983)
(2075,1207)
(118,1587)
(1861,920)
(2320,1391)
(1957,891)
(666,1221)
(2586,23)
(1250,2898)
(572,2288)
(1232,1987)
(2952,286)
(2792,1366)
(2168,580)
(208,2219)
(2746,2610)
(52,1733)
(2073,1227)
(1084,1969)
(15,765)
(2682,377)
(1228,216)
(2128,2178)
(1712,698)
(130,1684)
(2458,953)
(349,649)
(1017,1108)
(2951,1972)
(1954,2295)
(27,75)
(2061,2131)
(2194,2519)
(1961,2815)
(2299,1089)
(916,678)
(1112,1267)
(2793,156)
(1200,1107)
(1744,1271)
(376,723)
(1081,2128)
(1325,873)
(235,2671)
(2422,282)
(1677,1795)
(1925,1545)
(2032,100)
(1610,726)
(808,1312)
(2008,971)
(1539,479)
(838,2801)
(311,775)
(2413,2815)
(69,1747)
(2174,2170)
(1245,1206)
(1729,870)
(2495,1382)
(762,316)
(1124,1105)
(2813,1407)
(2348,1123)
(1139,2498)
(779,387)
(2544,1642)
(833,2834)
(1045,1935)
(1664,2705)
(2383,902)
(4,1647)
(1857,290)
(2479,1767)
(1099,687)
(1594,868)
(500,2851)
(1525,530)
(2021,1487)
(171,1189)
(1058,1635)
(2835,554)
(1778,525)
(558,1829)
(1411,2269)
(131,475)
(1767,2150)
(494,2474)
(2995,50)
(1432,2746)
(436,2971)
(691,1727)
(418,1781)
(850,1673)
(412,2379)
(2255,554)
(511,104)
(2479,2407)
(2955,2142)
(306,72)
(768,814)
(1015,1566)
(377,123)
(2638,2339)
(1350,1097)
(2529,1801)
(2540,2828)
(2202,210)
(2530,304)
(1484,110)
(1703,2703)
(1443,959)
(1457,1463)
(2676,2059)
(1627,731)
(665,2375)
(2985,2536)
(2121,1284)
(1253,909)
(2833,1068)
(520,1521)
(883,1245)
(854,1221)
(2698,629)
(2210,1553)
(1805,2908)
(609,348)
(1537,742)
(130,2770)
(1183,1207)
(833,1354)
(2464,1508)
(1533,1654)
(1318,29)
(963,1327)
(2250,24)
(1754,854)
(75,1027)
(2771,108)
(2860,605)
(190,1209)
(1797,2995)
(1607,76)
(1859,1569)
(1528,345)
(1076,1345)
(647,919)
(1411,1158)
(689,2940)
(1494,157)
(1957,2730)
(2603,147)
(1260,2885)
(2747,2981)
(1276,2746)
(391,2122)
(188,1854)
(843,376)
(362,335)
(302,1272)
(361,474)
(1514,2656)
(2975,168)
(1887,2943)
(421,1265)
(2539,2268)
(1220,1329)
(2247,1007)
(232,677)
(751,1615)
(1723,1214)
(189,1191)
(958,1851)
(500,2952)
(2037,2499)
(1030,5)
(138,388)
(1886,1299)
(2613,568)
(1103,2491)
(922,1601)
(2255,1155)
(2614,1791)
(181,539)
(2030,2895)
(1748,2266)
(2157,2709)
(2217,511)
(2240,1265)
(2431,112)
(327,206)
(1228,2816)
(2864,1266)
(2106,2387)
(1032,2587)
(1242,174)
(1694,1002)
(2272,2141)
(2096,464)
(1093,331)
(517,2700)
(305,1192)
(2045,650)
(2562,2302)
(2263,928)
(123,1757)
(1307,1715)
(2426,484)
(1709,565)
(2322,2195)
(841,1150)
(1378,766)
(386,1267)
(2240,594)
(2797,1207)
(1479,806)
(655,2586)
(2775,570)
(1950,1440)
(1051,2733)
(2488,2531)
(2920,245)
(2557,1374)
(2632,445)
(2835,1770)
(2007,1616)
(1334,2867)
(592,433)
(423,2206)
(2320,1460)
(1621,448)
(2169,2137)
(2779,515)
(2239,2666)
(1366,1711)
(2749,2392)
(2025,1614)
(1706,589)
(2965,652)
(1141,917)
(544,787)
(943,2831)
(1473,1827)
(101,27)
(1477,957)
(1165,1382)
(627,551)
(677,2565)
(968,1385)
(918,2015)
(2155,142)
(298,155)
(979,1931)
(32,2116)
(675,2649)
(1670,2655)
(349,1978)
(1296,1258)
(1564,2040)
(329,1866)
(1767,780)
(1246,2165)
(1944,1464)
(2379,1398)
(646,1708)
(1426,1682)
(1156,498)
(390,2258)
(1508,316)
(1747,135)
(955,1569)
(1876,2131)
(2980,146)
(2939,2271)
(2773,633)
(2615,1970)
(1472,2882)
(2241,2081)
(958,1999)
(290,1895)
(2200,2827)
(957,344)
(1088,1238)
(2549,2630)
(2723,84)
(1885,860)
(573,2283)
(806,800)
(1580,1186)
(2000,1323)
(1119,2595)
(1055,2169)
(303,2291)
(167,1153)
(368,1643)
(572,1038)
(2176,875)
(2699,2403)
(994,2495)
(158,2020)
(229,2599)
(802,2557)
(471,2307)
(863,228)
(386,62)
(927,595)
(1247,1814)
(531,2804)
(212,1701)
(110,1756)
(1935,2580)
(75,893)
(821,2615)
(1961,2521)
(763,28)
(2909,1299)
(1537,692)
(274,555)
(2884,2386)
(1692,1507)
(2355,2195)
(1091,786)
(835,2942)
(752,2122)
(729,2492)
(2524,235)
(4,2803)
(1229,1996)
(2465,2380)
(9,1134)
(255,310)
(1674,798)
(523,1248)
(1537,347)
(2250,2766)
(2556,821)
(996,2407)
(1341,1599)
(2886,2914)
(787,2682)
(1868,369)
(1777,73)
(213,2448)
(2516,899)
(2951,1588)
(2359,2345)
(1527,2610)
(2250,661)
(393,385)
(904,2810)
(651,295)
(2496,81)
(1374,360)
(1311,274)
(2984,160)
(1926,2593)
(472,1379)
(12,755)
(471,1960)
(150,2829)
(687,2486)
(2883,1103)
(910,2435)
(1047,2520)
(582,1425)
(1760,1908)
(1267,2801)
(2250,1246)
(155,2243)
(641,404)
(1733,2885)
(116,17)
(2997,1237)
(4,2417)
(603,1323)
(1023,2063)
(2128,2951)
(434,1489)
(2623,1076)
(1253,249)
(2608,2578)
(2483,1233)
(2010,1200)
(2567,2838)
(759,721)
(745,2631)
(152,1913)
(1450,2966)
(1538,1373)
(669,316)
(2282,2999)
(91,688)
(808,786)
(1667,655)
(1709,1442)
(2447,1554)
(178,1532)
(1455,2156)
(2167,2412)
(307,577)
(1314,1982)
(2642,58)
(1465,1117)
(1215,2676)
(1974,2420)
(257,353)
(168,1895)
(787,1491)
(1917,384)
(1886,1061)
(1839,2154)
(2923,1178)
(2340,1984)
(1276,2269)
(2004,1859)
(882,46)
(1455,1323)
(1623,2953)
(2163,765)
(967,639)
(2914,1459)
(2289,2894)
(31,2524)
(1881,2414)
(639,1987)
(2819,649)
(415,826)
(2176,611)
(1097,855)
(224,2328)
(1585,709)
(2769,855)
(2710,2488)
(778,2306)
(2718,2286)
(1379,32)
(2021,643)
(2028,1342)
(2975,774)
(667,1134)
(1897,2226)
(352,1672)
(2379,33)
(2010,356)
(2869,2485)
(1671,1073)
(2691,141)
(586,1473)
(2324,947)
(1505,1460)
(1441,255)
(2293,39)
(2813,1303)
(1460,267)
(520,2790)
(2856,114)
(1372,588)
(2985,624)
(1105,1097)
(633,1819)
(859,1668)
(1405,2537)
(2055,2480)
(960,330)
(722,2632)
(1531,102)
(1614,32)
(902,397)
(657,2963)
(2377,362)
(676,257)
(1636,14)
(1198,1006)
(1579,2972)
(2539,741)
(1571,2801)
(2,112)
(1619,2628)
(1464,1915)
(1439,183)
(703,61)
(920,1167)
(773,404)
(901,2395)
(30,319)
(2218,2846)
(1522,429)
(2957,1071)
(1216,2862)
(2554,250)
(2839,296)
(1070,882)
(2871,1021)
(1396,771)
(1293,1694)
(1507,2123)
(1035,1400)
(1917,2985)
(1325,750)
(1341,2082)
(2472,2805)
(1983,1557)
(65,685)
(1433,454)
(1108,1560)
(1237,2473)
(1438,1943)
(2234,1549)
(1835,1981)
(169,639)
(1439,1299)
(595,2827)
(1420,1241)
(2257,2595)
(1637,2675)
(69,1829)
(1808,2581)
(1628,1857)
(1742,1451)
(2184,119)
(1323,1649)
(537,212)
(2068,1260)
(2164,1990)
(2741,951)
(2900,283)
(2274,2259)
(1122,2536)
(1216,258)
(2361,2627)
(2357,2303)
(759,406)
(2308,2170)
(1301,1641)
(1692,2012)
(564,2055)
(2304,2940)
(2595,2033)
(999,416)
(427,1977)
(710,2514)
(489,2745)
(1184,2741)
(332,549)
(2502,1573)
(2986,1808)
(2065,469)
(1489,897)
(1284,1917)
(2707,907)
(854,1864)
(811,2161)
(2871,1766)
(194,1669)
(2418,1137)
(54,1464)
(1638,2047)
(2799,2899)
(1537,1975)
(1773,2915)
(672,691)
(1721,478)
(2826,2526)
(1969,2066)
(663,2817)
(246,1567)
(1339,762)
(1967,2149)
(1329,2396)
(843,2200)
(1457,2346)
(764,2506)
(1345,1223)
(1033,1002)
(1157,2434)
(1077,2628)
(697,150)
(1467,1855)
(363,1346)
(2759,1877)
(712,896)
(1993,2232)
(2963,2121)
(1209,707)
(2786,1786)
(350,656)
(922,1518)
(1459,2361)
(2440,1595)
(305,2314)
(1073,1189)
(1421,242)
(85,1306)
(1947,1315)
(1546,2174)
(646,2914)
(839,6)
(2501,1794)
(2782,2911)
(58,1149)
(2051,2550)
(1170,840)
(2125,1089)
(776,1437)
(1128,2662)
(230,2972)
(92,403)
(1905,902)
(1873,117)
(2794,1536)
(763,1189)
(945,1905)
(349,2300)
(629,1004)
(533,1949)
(162,1489)
(2824,81)
(921,1905)
(2274,1553)
(2261,110)
(1011,1419)
(2885,1481)
(2212,1571)
(1515,74)
(1261,2290)
(1747,2088)
(1157,2256)
(173,1551)
(2377,2848)
(2251,125)
(407,1557)
(614,1177)
(2521,294)
(604,2880)
(1149,787)
(1674,2663)
(2458,483)
(2958,581)
(2907,1278)
(1001,2827)
(319,2158)
(2925,978)
(2454,184)
(649,2473)
(122,961)
(1835,1976)
(1665,2262)
(2119,293)
(1280,2126)
(1209,1744)
(106,1037)
(1798,1110)
(1231,1693)
(2863,939)
(2578,1297)
(1546,1942)
(13,2666)
(1421,930)
(2922,2702)
(660,2877)
(2699,510)
(412,316)
(1533,2331)
(409,2022)
(2175,1797)
(695,1714)
(2193,161)
(826,1469)
(2388,426)
(1116,2330)
(2408,2058)
(1493,1493)
(845,2534)
(1744,2276)
(2247,963)
(1757,325)
(2758,6)
(2,1963)
(1515,89)
(763,749)
(2602,2734)
(745,2206)
(2154,88)
(2481,55)
(456,1913)
(2457,2868)
(575,361)
(1399,1710)
(2671,2648)
(2503,2650)
(2980,670)
(2538,756)
(1170,851)
(2908,2941)
(2834,2039)
(359,727)
(1433,1981)
(1235,1535)
(742,1034)
(1153,1751)
(1413,2740)
(473,2512)
(2267,1566)
(2165,1677)
(1523,790)
(2408,2895)
(806,1857)
(1318,2185)
(1742,1197)
(1177,1752)
(2753,1131)
(121,1034)
(765,2003)
(1818,1818)
(177,1918)
(2355,105)
(2749,2733)
(1669,972)
(2728,624)
(1042,377)
(1860,833)
(1667,1188)
(2749,1757)
(324,873)
(2124,2375)
(2617,1731)
(261,2638)
(967,2278)
(879,1261)
(1291,2998)
(658,1906)
(505,1189)
(1441,2227)
(2914,817)
(2903,1100)
(1194,2381)
(960,659)
(558,2165)
(1129,2943)
(862,1510)
(981,1394)
(2024,2156)
(2167,2055)
(2397,1982)
(345,125)
(2384,567)
(1783,2392)
(136,1461)
(1941,929)
(2272,2953)
(1395,412)
(2394,2419)
(87,2953)
(660,1564)
(2216,2704)
(920,1845)
(2053,2727)
(2868,1383)
(2782,2547)
(2315,1903)
(759,2919)
(649,791)
(1637,488)
(852,978)
(2223,2554)
(1189,2195)
(911,241)
(1107,2357)
(73,2183)
(2095,1513)
(1587,522)
(879,1255)
(1827,1806)
(54,222)
(186,2004)
(1268,2181)
(2129,2812)
(1480,2324)
(147,1825)
(497,99)
(1777,38)
(2848,2806)
(14,1206)
(258,1091)
(2518,1334)
(2473,2243)
(2889,1866)
(1887,2718)
(1524,85)
(968,1945)
(1756,2508)
(172,411)
(1464,1848)
(1581,1705)
(45,1278)
(337,1598)
(1996,818)
(1316,230)
(845,1574)
(1000,107)
(1284,2719)
(574,655)
(1458,2166)
(689,1947)
(591,2267)
(958,1958)
(1459,2246)
(2653,811)
(2679,329)
(423,167)
(1653,2938)
(1637,2137)
(243,492)
(1276,1901)
(1322,782)
(841,1827)
(491,2724)
(2744,1338)
(2534,2590)
(1469,2565)
(2431,2618)
(2286,2115)
(785,705)
(2817,841)
(2776,781)
(1596,8)
(1065,1872)
(2252,1907)
(1916,2868)
(904,2991)
(1072,1647)
(1519,2557)
(1386,2968)
(1737,646)
(2498,2879)
(1990,1084)
(2992,2512)
(2239,549)
(2874,2357)
(1544,2735)
(1785,1101)
(1504,1435)
(780,1238)
(2387,1136)
(2689,2814)
(1305,994)
(2599,1145)
(931,671)
(408,1795)
(663,441)
(2327,1636)
(1591,2755)
(216,2225)
(845,1011)
(1032,289)
(2375,596)
(1235,1843)
(721,888)
(1366,2281)
(389,2310)
(1979,308)
(1345,2623)
(683,1497)
(916,1552)
(2399,982)
(1812,2075)
(2151,2684)
(296,2281)
(765,2280)
(202,149)
(1296,714)
(2425,461)
(1322,293)
(2961,2426)
(1677,2217)
(2341,2774)
(797,2614)
(1267,2854)
(780,1917)
(515,1329)
(206,2091)
(2577,330)
(208,1964)
(1709,2052)
(2590,624)
(2263,1148)
(1901,2683)
(560,2948)
(1366,1599)
(574,720)
(2190,519)
(1912,45)
(1895,1428)
(1529,1050)
(713,754)
(2228,421)
(105,2529)
(273,1883)
(1037,621)
(2693,2312)
(812,1062)
(2216,914)
(2501,2856)
(2497,2010)
(1631,2301)
(628,851)
(2609,335)
(333,2699)
(241,2547)
(1406,1337)
(2082,1963)
(1809,2203)
(2929,2963)
(403,1844)
(403,1307)
(149,2859)
(757,288)
(761,2579)
(597,15)
(506,713)
(990,240)
(103,2121)
(96,142)
(405,1651)
(1184,202)
(597,838)
(1450,625)
(2314,2160)
(177,1779)
(220,2908)
(719,1825)
(66,2886)
(1249,40)
(699,626)
(933,2972)
(958,806)
(2524,1345)
(1111,704)
(150,1501)
(2139,510)
(1231,2903)
(2415,2954)
(116,1362)
(943,2583)
(75,896)
(665,474)
(2173,2268)
(480,394)
(1468,378)
(1129,2147)
(13,790)
(890,1181)
(1604,847)
(234,1765)
(2851,891)
(230,2644)
(2471,1580)
(2772,2395)
(2002,2215)
(648,1490)
(1814,2053)
(1031,883)
(241,778)
(532,1533)
(2834,2557)
(397,538)
(1625,1450)
(2826,1046)
(1708,1582)
(2026,298)
(1780,419)
(925,699)
(496,741)
(415,431)
(1058,1371)
(1250,1242)
(1270,927)
(977,199)
(363,288)
(221,2366)
(2524,1564)
(1784,1469)
(516,1109)
(980,1566)
(2882,1933)
(127,2671)
(26,2153)
(49,2289)
(244,1336)
(1349,1318)
(2072,1696)
(1491,1258)
(1090,1536)
(255,2416)
(1640,633)
(904,1308)
(707,716)
(375,1920)
(647,2375)
(780,1798)
(2848,1159)
(2207,236)
(2931,728)
(571,978)
(878,1109)
(2046,158)
(1986,2864)
(392,2814)
(614,1517)
(1060,2021)
(830,2324)
(452,1569)
(1525,160)
(2061,2992)
(2290,2046)
(53,2945)
(2788,237)
(2744,1668)
(196,725)
(1185,1734)
(582,390)
(2380,2197)
(1576,2027)
(986,2326)
(2064,2594)
(2706,1276)
(459,1450)
(2873,2774)
(2308,1765)
(76,804)
(2893,2476)
(1267,2903)
(1871,111)
(2642,2905)
(590,2310)
(2710,2445)
(2431,281)
(698,1909)
(1704,2473)
(2799,1203)
(2144,2077)
(1564,1894)
(2258,2217)
(1656,141)
(1966,1595)
(1226,2483)
(1676,1418)
(2227,1355)
(255,387)
(2803,2126)
(289,329)
(1234,2803)
(1346,2531)
(456,155)
(771,2759)
(186,1145)
(1969,424)
(2419,406)
(2404,900)
(2395,544)
(565,106)
(335,632)
(2161,944)
(665,1204)
(2247,470)
(1257,1969)
(167,1866)
(2531,1072)
(239,1304)
(1252,2065)
(188,1134)
(2087,2144)
(1586,175)
(46,881)
(1574,2095)
(1834,2413)
(514,2310)
(1763,463)
(2111,791)
(1943,2604)
(1491,175)
(1820,168)
(311,2320)
(570,722)
(2791,2556)
(2086,2152)
(2884,1194)
(229,1207)
(496,338)
(1921,2054)
(236,1151)
(1477,199)
(1492,1255)
(1694,671)
(723,1829)
(1558,1887)
(958,2705)
(1695,2979)
(706,2528)
(1626,263)
(2569,139)
(2344,191)
(1181,1399)
(638,2157)
(1177,257)
(116,1424)
(1082,2476)
(451,1558)
(1907,2219)
(66,2134)
(1684,594)
(2852,1091)
(951,2058)
(421,2691)
(1624,576)
(170,789)
(659,2963)
(2196,2028)
(2529,164)
(1278,2607)
(1102,1440)
(1,13)
(2980,1114)
(839,847)
(80,835)
(2695,936)
(427,2057)
(67,2135)
(1267,1307)
(2311,2811)
(1158,892)
(1371,378)
(43,1242)
(2067,1118)
(2674,1749)
(2465,2288)
(1931,1593)
(2127,684)
(1335,1582)
(854,750)
(1593,1196)
(2514,176)
(2217,1342)
(891,938)
(1454,2902)
(397,2154)
(2726,1552)
(189,840)
(362,161)
(878,1928)
(1290,1211)
(2135,2187)
(2245,660)
(452,1669)
(2375,2914)
(1242,448)
(2805,1327)
(1343,1583)
(2585,2307)
(1534,2157)
(2913,865)
(716,1551)
(1900,1451)
(1325,1321)
(1471,1293)
(1530,2554)
(645,1366)
(586,667)
(2901,797)
(358,1208)
(731,2346)
(1801,2612)
(1531,2226)
(2551,553)
(1091,2375)
(2534,163)
(528,2820)
(1369,1926)
(1375,750)
(384,2973)
(1075,199)
(1599,1779)
(2589,1107)
(2653,2741)
(2734,1855)
(2580,2756)
(343,67)
(2630,382)
(807,2847)
(371,2419)
(1244,362)
(2754,1234)
(1007,126)
(233,1497)
(384,321)
(114,787)
(2740,880)
(132,1735)
(1211,217)
(395,1051)
(1597,2996)
(38,2255)
(2885,219)
(205,1119)
(1592,2535)
(2579,1994)
(2999,1662)
(629,1274)
(804,1849)
(2278,606)
(2950,2245)
(2646,1292)
(2924,2462)
(1222,1358)
(2224,295)
(202,2851)
(2700,786)
(2894,741)
(890,2733)
(1485,949)
(2986,2003)
(1484,1649)
(420,850)
(2134,2008)
(2890,1313)
(69,2301)
(1669,307)
(1443,1579)
(206,1050)
(75,2609)
(2518,1846)
(6,2459)
(11,1600)
(1853,2428)
(1391,2319)
(707,2612)
(211,2110)
(58,1318)
(987,164)
(871,2430)
(915,593)
(1324,2138)
(2132,651)
(2444,2522)
(1861,1251)
(465,238)
(439,911)
(899,1287)
(2664,2350)
(839,542)
(339,999)
(1532,2580)
(1921,40)
(1895,2764)
(2552,1972)
(2766,482)
(623,2742)
(1176,1314)
(1068,2489)
(409,2996)
(2238,2707)
(1983,2056)
(2809,1908)
(653,2211)
(2063,2045)
(2783,1246)
(661,496)
(349,713)
(670,928)
(274,1311)
(1893,1048)
(1618,2247)
(1362,2824)
(799,1302)
(1615,1518)
(1430,1693)
(2885,2125)
(2278,1451)
(621,2010)
(1199,1081)
(2044,2918)
(479,897)
(2329,2921)
(536,1872)
(991,998)
(2785,2478)
(2044,1975)
(938,1300)
(2642,1908)
(2660,2089)
(1895,1534)
(416,1965)
(2691,2111)
(850,109)
(206,665)
(2543,1346)
(1173,1691)
(908,715)
(580,1653)
(484,982)
(2344,504)
(1410,2394)
(1241,1878)
(979,2316)
(563,909)
(2431,1987)
(2093,1626)
(1819,1810)
(2815,1663)
(549,2037)
(2772,1692)
(262,25)
(18,1685)
(908,486)
(1956,1595)
(1092,601)
(2416,750)
(269,1066)
(1576,1094)
(1154,2662)
(1538,2509)
(1352,2006)
(1419,809)
(966,1407)
(350,252)
(2185,235)
(1715,1961)
(1980,2063)
(153,637)
(2398,810)
(40,2930)
(2380,15)
(2104,1195)
(2154,1820)
(1151,600)
(2547,1508)
(2745,1739)
(853,2619)
(1528,2174)
(1144,26)
(227,2751)
(1197,1349)
(1801,1705)
(717,144)
(295,122)
(1298,297)
(1814,1057)
(608,697)
(1641,2731)
(966,525)
(1961,1512)
(282,2523)
(2293,2324)
(289,1182)
(974,95)
(1888,1482)
(2545,2959)
(404,1221)
(2728,2065)
(664,643)
(185,2681)
(1883,649)
(353,1343)
(1667,321)
(1196,1745)
(152,1547)
(1455,310)
(2321,2691)
(764,839)
(165,1183)
(1196,398)
(323,283)
(1883,1460)
(2910,502)
(141,1569)
(2713,2936)
(850,1328)
(1245,1407)
(727,133)
(126,2385)
(1982,1951)
(2851,1094)
(742,550)
(2080,2334)
(1693,2545)
(2139,2461)
(2436,1112)
(15,2899)
(144,1393)
(2381,2670)
(69,121)
(2951,1107)
(108,406)
(2728,2528)
(525,706)
(1158,325)
(1809,399)
(2515,1425)
(848,2143)
(2966,1316)
(346,311)
(1599,778)
(2129,2177)
(1957,2066)
(857,2039)
(27,2740)
(22,841)
(2940,319)
(2122,412)
(864,2782)
(237,1915)
(2666,2355)
(1081,1607)
(2017,2525)
(2139,256)
(1744,410)
(1948,731)
(2596,1202)
(366,2263)
(609,2364)
(1662,1849)
(1083,798)
(471,2050)
(1663,391)
(1152,1499)
(504,2745)
(2115,749)
(187,1489)
(1258,2493)
(1411,2787)
(1757,2194)
(1359,1384)
(1577,2266)
(2874,2806)
(1961,2703)
(2137,233)
(2289,2204)
(2874,373)
(60,903)
(519,20)
(2323,681)
(451,2309)
(1313,2495)
(2756,467)
(2042,1327)
(2922,1521)
(2317,2554)
(1237,1088)
(696,2572)
(487,2406)
(1363,2759)
(1039,2704)
(2377,2897)
(561,1752)
(2363,2110)
(1363,8)
(2053,257)
(1559,169)
(2321,2667)
(1044,1224)
(312,687)
(2152,473)
(1450,1669)
(2383,2115)
(10,228)
(2949,2382)
(134,1676)
(2921,2968)
(1060,2413)
(475,238)
(2884,1619)
(1388,2407)
(2644,651)
(1457,130)
(1571,837)
(1776,1301)
(585,2596)
(1673,1326)
(2302,1184)
(915,1557)
(829,2913)
(288,1238)
(308,786)
(474,2957)
(463,2656)
(1874,2186)
(1738,2702)
(2639,55)
(1674,1333)
(916,2289)
(1507,2019)
(1768,419)
(2264,913)
(2192,187)
(2986,1527)
(2408,2488)
(2021,2141)
(719,2723)
(2015,1721)
(2667,2917)
(811,2834)
(2286,755)
(1520,2965)
(2669,36)
(831,1660)
(1423,2084)
(1542,770)
(870,2337)
(1298,2749)
(1136,14)
(2643,2643)
(2187,2889)
(540,203)
(2369,2487)
(1963,2176)
(1209,854)
(737,1262)
(1004,1390)
(2908,493)
(271,2111)
(1329,1281)
(1519,917)
(2975,1424)
(2949,2427)
(2137,2106)
(1417,388)
(2965,1423)
(1094,369)
(1637,2113)
(1555,38)
(1049,1037)
(1909,1527)
(2441,1056)
(2097,298)
(61,1635)
(269,1263)
(1442,2284)
(337,1134)
(2505,2623)
(2595,715)
(307,1090)
(2,2354)
(257,2817)
(2617,2902)
(1988,154)
(989,1172)
(656,2175)
(199,721)
(2011,2930)
(811,932)
(731,1507)
(1611,489)
(2767,2780)
(1360,1684)
(2034,2501)
(2340,2161)
(2516,2371)
(256,366)
(2922,1294)
(445,2860)
(2152,911)
(2683,1744)
(881,2608)
(1668,2987)
(1387,1865)
(1865,2884)
(2457,573)
(2003,90)
(2874,1712)
(2090,501)
(2531,1919)
(2947,1415)
(2904,2445)
(2384,423)
(778,1537)
(2035,148)
(2825,1556)
(2116,987)
(1353,133)
(1676,665)
(1275,1013)
(1086,2868)
(2296,2328)
(388,1059)
(1232,1665)
(2640,90)
(2857,951)
(368,1067)
(392,1303)
(273,904)
(565,927)
(1644,2461)
(697,2075)
(2065,1792)
(129,2290)
(2548,1774)
(549,2011)
(126,1362)
(1824,1)
(2824,287)
(1490,1636)
(354,2551)
(1910,2430)
(1015,1753)
(2422,1551)
(1257,624)
(1490,1170)
(14,874)
(1175,1172)
(1423,896)
(801,572)
(1773,2867)
(2998,302)
(756,2423)
(2981,1566)
(1047,271)
(2866,2687)
(1394,2421)
(2325,1240)
(704,1625)
(1922,2677)
(1409,771)
(641,2753)
(585,255)
(726,2980)
(387,905)
(188,2165)
(1900,2309)
(333,2485)
(819,2925)
(1593,1302)
(224,2077)
(2227,2260)
(1293,2567)
(1348,150)
(721,1540)
(1147,1977)
(1272,2242)
(286,2478)
(1966,1904)
(1960,1201)
(1384,1880)
(2092,2159)
(1481,783)
(142,1707)
(1981,114)
(323,1465)
(1266,2883)
(1631,49)
(1378,411)
(170,2394)
(1990,730)
(1150,2003)
(2568,2266)
(409,2867)
(542,2790)
(2595,376)
(1192,818)
(2970,111)
(535,1005)
(283,1455)
(2755,1374)
(2438,735)
(2782,2445)
(820,442)
(466,165)
(2173,77)
(605,327)
(2732,1199)
(1018,1790)
(46,216)
(588,1152)
(776,2582)
(2351,1440)
(1493,2589)
(1898,598)
(2508,208)
(2791,2202)
(2012,709)
(1860,1905)
(723,2680)
(2553,1627)
(2529,2141)
(1879,1868)
(955,1068)
(760,2248)
(1262,2853)
(1148,820)
(2224,620)
(927,1937)
(1834,2520)
(1348,34)
(2304,1100)
(1456,1306)
(1720,2664)
(833,2624)
(1242,660)
(2444,1827)
(2068,889)
(1287,1545)
(138,2646)
(2936,1924)
(107,801)
(19,78)
(885,1408)
(2695,2215)
(1527,1478)
(311,2581)
(401,1384)
(882,2265)
(785,347)
(2203,2673)
(881,1610)
(2248,1823)
(2011,2810)
(602,1624)
(1708,1839)
(1658,1869)
(574,325)
(2932,584)
(23,1258)
(1870,2513)
(1653,1395)
(2202,50)
(2413,226)
(713,1812)
(579,1913)
(53,1851)
(1306,2164)
(2664,334)
(2978,1920)
(2846,83)
(1836,908)
(2900,2924)
(1420,1230)
(1467,463)
(2271,2397)
(2759,890)
(55,897)
(1819,88)
(937,1982)
(2231,273)
(1527,1513)
(585,1882)
(535,1066)
(960,1701)
(163,492)
(2298,2799)
(2378,1257)
(2419,625)
(680,665)
(1128,2563)
(681,143)
(2252,1219)
(2652,1729)
(1740,96)
(261,1015)
(2233,1477)
(2218,233)
(778,1990)
(187,2260)
(925,1304)
(47,274)
(40,2925)
(2876,2526)
(415,887)
(2841,2674)
(132,1125)
(739,617)
(2131,1411)
(2470,2624)
(1208,897)
(311,1472)
(627,2651)
(1475,1480)
(1435,1143)
(1777,229)
(1097,474)
(169,1669)
(1778,872)
(748,1191)
(2688,1865)
(1766,2270)
(1415,1671)
(509,1639)
(2941,2032)
(897,1375)
(765,814)
(2955,699)
(599,2293)
(237,605)
(2496,1732)
(2039,1768)
(2402,2382)
(2250,259)
(1387,419)
(1002,2051)
(2595,775)
(776,1878)
(593,159)
(486,1478)
(2679,840)
(203,704)
(2879,1762)
(51,2207)
(2760,219)
(2135,1701)
(384,1530)
(1037,1600)
(2856,146)
(2516,1883)
(1140,2027)
(156,44)
(1404,2178)
(707,1513)
(885,2905)
(1569,1953)
(350,1527)
(114,2615)
(2132,2660)
(578,1019)
(2006,1875)
(2473,1261)
(1004,2767)
(2689,2112)
(2000,2761)
(2804,1528)
(1790,927)
(2872,152)
(2822,66)
(809,2224)
(1286,2835)
(926,1884)
(438,2767)
(1585,268)
(990,2665)
(617,126)
(2809,1414)
(1891,407)
(1630,1903)
(2793,496)
(1303,1053)
(2710,1807)
(2704,322)
(1452,453)
(1997,2438)
(2392,2924)
(1120,715)
(2867,1479)
(40,2210)
(145,712)
(2168,1890)
(463,2498)
(499,114)
(766,714)
(1989,840)
(406,812)
(2747,1)
(2163,555)
(791,323)
(93,1583)
(582,2402)
(294,516)
(814,1347)
(1593,2463)
(1441,1877)
(1032,18)
(2530,386)
(1281,1118)
(361,2121)
(836,1764)
(1737,2257)
(1536,1331)
(1318,876)
(85,2059)
(93,2910)
(1075,2117)
(2664,1973)
(2833,834)
(1188,1855)
(2688,228)
(922,2478)
(247,1884)
(2034,2220)
(2579,2782)
(840,684)
(2487,1982)
(2860,1018)
(1133,2193)
(834,438)
(2019,1418)
(1581,2701)
(583,1384)
(2102,1741)
(182,765)
(570,2512)
(632,2213)
(2190,940)
(1100,2716)
(649,2094)
(2093,1863)
(2393,1209)
(2569,1925)
(1210,694)
(755,1455)
(1349,2986)
(1341,1773)
(2042,1526)
(157,2953)
(1972,573)
(1383,2153)
(223,2744)
(203,1551)
(351,2227)
(1104,2965)
(349,608)
(1627,1570)
(69,1523)
(1602,203)
(481,2919)
(1805,90)
(541,1909)
(835,1533)
(2179,887)
(2204,2207)
(2440,2847)
(2632,898)
(747,629)
(2670,2250)
(385,1908)
(2702,2986)
(783,1285)
(2140,834)
(442,299)
(2822,344)
(2335,2532)
(1459,2373)
(704,196)
(1518,1598)
(2412,1042)
(2059,523)
(203,1577)
(1395,2684)
(2670,277)
(797,2509)
(1429,2570)
(1458,860)
(415,187)
(1043,1231)
(163,2569)
(2557,43)
(1459,537)
(2791,1186)
(2203,792)
(1025,298)
(73,1541)
(1257,1356)
(1551,2425)
(473,1841)
(422,786)
(2260,1210)
(20,2767)
(1080,1048)
(2057,643)
(1092,1740)
(855,933)
(394,2875)
(2794,176)
(2591,2081)
(158,2390)
(2175,1809)
(892,972)
(456,190)
(927,1675)
(2264,400)
(2470,2872)
(668,329)
(63,1857)
(2511,2082)
(2912,2888)
(1913,548)
(1462,1400)
(1966,470)
(2639,1962)
(2468,1420)
(740,1630)
(1220,1934)
(2967,675)
(2457,2814)
(868,344)
(1664,1931)
(1266,1397)
(474,860)
(302,2237)
(2822,97)
(1722,2812)
(2480,1327)
(1784,342)
(2616,1298)
(1821,1731)
(1405,2574)
(1335,1915)
(367,1899)
(2889,1372)
(2627,1584)
(2970,79)
(775,884)
(2144,1243)
(2655,2788)
(2211,2577)
(2198,2123)
(2446,2637)
(746,2005)
(5,2117)
(284,671)
(1107,1240)
(1003,2107)
(1814,1845)
(1363,2027)
(2877,388)
(1465,734)
(2436,2412)
(1802,48)
(1416,2838)
(2713,668)
(1786,533)
(1466,1816)
(899,57)
(2509,1236)
(1138,2282)
(568,1560)
(1869,646)
(2700,1347)
(2073,670)
(215,16)
(2342,1082)
(1502,413)
(398,466)
(1737,803)
(96,2545)
(1789,819)
(420,2799)
(2766,1901)
(2556,1325)
(2435,1616)
(2160,2996)
(775,114)
(2574,1780)
(1987,2419)
(1706,253)
(470,310)
(2411,1028)
(449,853)
(2736,526)
(2820,1844)
(78,1457)
(2578,2055)
(1120,2381)
(495,2352)
(1572,1343)
(546,2677)
(2617,799)
(1241,162)
(2295,1205)
(487,1076)
(2602,374)
(611,772)
(1241,1158)
(2789,1036)
(2534,2153)
(1891,1972)
(2300,2316)
(846,60)
(1291,1227)
(850,2495)
(533,326)
(73,1691)
(742,1113)
(1174,2965)
(942,1422)
(1282,1050)
(1787,1494)
(2404,1231)
(2045,429)
(1790,2599)
(1018,610)
(2194,2686)
(1599,2354)
(76,1400)
(68,407)
(1455,2322)
(1843,2399)
(117,144)
(1062,2406)
(1089,2235)
(2532,2892)
(507,2426)
(2797,760)
(2362,1537)
(124,1287)
(309,2151)
(1521,1195)
(1350,778)
(2561,1208)
(853,2673)
(962,1530)
(1577,690)
(1478,2187)
(502,871)
(1,1884)
(1119,66)
(795,982)
(393,2267)
(2423,800)
(2365,2394)
(2151,204)
(110,876)
(1078,963)
(2862,1396)
(2290,834)
(568,427)
(2078,266)
(525,737)
(1195,1497)
(362,575)
(2898,47)
(2379,2220)
(1214,348)
(2065,310)
(697,2538)
(1506,1213)
(1049,121)
(1518,2002)
(1883,25)
(1273,2400)
(2143,291)
(2743,2177)
(2102,511)
(84,2080)
(1423,2131)
(1065,716)
(1991,2558)
(1498,120)
(538,2388)
(1103,293)
(242,68)
(344,396)
(2160,1252)
(18,2328)
(2218,2400)
(306,2462)
(2052,446)
(747,684)
(1489,1376)
(2429,2164)
(703,2184)
(483,938)
(1421,1107)
(2667,204)
(2892,1679)
(1409,766)
(2573,1775)
(1327,1858)
(154,569)
(796,1981)
(2479,1998)
(1552,724)
(1596,1171)
(1897,2627)
(514,1676)
(2647,1655)
(695,259)
(124,299)
(2740,356)
(471,2997)
(2685,2673)
(1122,867)
(2719,2598)
(2571,631)
(32,1696)
(541,2943)
(2081,973)
(2147,2511)
(1502,2169)
(566,2902)
(1428,2114)
(640,1056)
(1719,313)
(718,15)
(3,1895)
(529,2261)
(1397,1143)
(1775,52)
(2392,1431)
(1533,2652)
(437,2043)
(2250,1899)
(2337,1420)
(1053,2256)
(2988,609)
(2805,1100)
(1623,1329)
(2577,601)
(715,2523)
(715,1532)
(1088,1033)
(261,529)
(1487,1915)
(1830,610)
(2658,2961)
(2904,614)
(178,986)
(2379,2659)
(979,1136)
(2600,1173)
(2167,1281)
(2514,1232)
(511,2949)
(1269,1875)
(2128,2337)
(2097,2200)
(1636,2266)
(1370,186)
(2309,874)
(2988,2250)
(28,221)
(1111,691)
(1315,2123)
(2169,1025)
(903,1799)
(1485,5)
(50,583)
(2037,1855)
(2085,2506)
(1993,414)
(2298,1104)
(943,1891)
(881,1784)
(1752,1066)
(1404,288)
(868,659)
(1012,694)
(2020,536)
(1246,1405)
(835,38)
(1253,469)
(2030,1277)
(1156,2307)
(2486,1816)
(1178,1674)
(637,2910)
(1003,1935)
(2930,111)
(1038,804)
(1662,2291)
(2117,2266)
(2089,1885)
(1743,1256)
(2699,805)
(2595,1209)
(2104,593)
(982,1642)
(59,816)
(1650,255)
(1453,484)
(2818,224)
(2546,1534)
(1711,1604)
(2542,2369)
(1384,2214)
(221,1417)
(1806,2004)
(2000,1510)
(1694,581)
(1412,846)
(2514,2925)
(2563,1704)
(2586,1906)
(2037,1896)
(468,1183)
(986,91)
(1695,209)
(2353,2663)
(611,1679)
(635,2025)
(905,2483)
(551,1730)
(1997,1311)
(309,1999)
(626,2364)
(784,2879)
(518,369)
(271,1991)
(209,292)
(2649,2703)
(1939,995)
(1655,2161)
(2954,232)
(1777,2419)
(344,2089)
(2180,76)
(1656,954)
(1619,1382)
(218,1310)
(2097,2262)
(1796,1860)
(1485,2131)
(507,888)
(209,427)
(2140,2511)
(2843,2368)
(2698,789)
(2308,2230)
(33,1553)
(207,354)
(2070,702)
(2556,684)
(1407,1237)
(331,1117)
(1537,1328)
(367,720)
(803,2130)
(871,2835)
(1135,1899)
(1164,1257)
(714,196)
(1845,705)
(239,2246)
(756,2678)
(1847,2807)
(680,1001)
(853,1405)
(2535,1009)
(1744,1027)
(986,2954)
(2690,1855)
(1270,2702)
(1923,2577)
(1694,3)
(2660,1371)
(1429,1083)
(2795,841)
(1594,552)
(528,380)
(847,653)
(446,1944)
(2288,1583)
(162,903)
(856,39)
(2232,360)
(546,205)
(869,704)
(1151,917)
(1664,2180)
(819,775)
(94,2005)
(2322,215)
(2942,1399)
(54,2566)
(2452,89)
(1380,2279)
(231,2421)
(1592,1539)
(690,2780)
(1645,929)
(2159,31)
(578,1758)
(1766,1411)
(488,853)
(2307,730)
(604,2979)
(2682,2417)
(1128,87)
(582,1518)
(774,1100)
(717,557)
(2781,2834)
(2573,1955)
(2158,287)
(1689,1727)
(1289,2806)
(2345,2550)
(931,2375)
(2062,138)
(195,2057)
(1036,1029)
(1221,444)
(2990,360)
(510,1142)
(666,994)
(1007,1155)
(1558,765)
(1702,1607)
(1014,325)
(619,1186)
(18,891)
(1385,985)
(710,683)
(922,1909)
(1506,1980)
(2182,2703)
(1204,603)
(2481,306)
(768,2137)
(1035,665)
(9,1900)
(2645,2391)
(1158,2440)
(991,1432)
(1991,1896)
(274,117)
(1739,935)
(1309,1694)
(114,2197)
(1170,967)
(284,2401)
(2720,2087)
(960,2818)
(2707,718)
(273,880)
(921,2127)
(1767,910)
(865,787)
(1582,2481)
(1655,2439)
(1641,1391)
(1699,1742)
(171,1674)
(1059,384)
(1116,52)
(1195,2624)
(1906,1176)
(1560,2106)
(264,844)
(1130,2562)
(2040,2530)
(926,628)
(1419,166)
(613,2428)
(889,684)
(2520,2956)
(693,2675)
(2692,1626)
(2798,882)
(2726,691)
(2833,1023)
(1548,1880)
(1465,2009)
(551,4)
(2765,1967)
(1646,2231)
(1591,2669)
(2725,2541)
(2530,870)
(1808,2825)
(199,169)
(1841,1146)
(1717,2993)
(1322,2790)
(1825,1333)
(827,2318)
(1604,669)
(761,1628)
(19,740)
(1473,2675)
(1274,28)
(102,2840)
(1517,2417)
(475,1235)
(418,809)
(795,1940)
(538,1747)
(2509,2315)
(2204,1247)
(1659,1833)
(2421,1080)
(752,2254)
(392,1209)
(1276,1286)
(1878,598)
(264,2545)
(133,469)
(2503,2002)
(1388,1986)
(1986,1978)
(3,2745)
(1969,664)
(2122,2533)
(2022,247)
(2096,756)
(121,822)
(1211,1989)
(1405,935)
(1938,1570)
(964,2247)
(2456,246)
(357,815)
(81,1408)
(1562,2646)
(2419,1090)
(1705,1520)
(564,832)
(877,2653)
(1491,2164)
(285,1308)
(1133,1116)
(879,2022)
(1625,109)
(758,157)
(2388,1212)
(455,565)
(1495,1811)
(2934,875)
(995,2519)
(1253,459)
(2103,1733)
(2944,720)
(1594,1542)
(518,258)
(1672,2180)
(2473,257)
(1566,2112)
(2043,136)
(1456,2829)
(1781,916)
(465,2132)
(2269,861)
(2121,1911)
(979,1446)
(1477,2306)
(1631,852)
(2653,1668)
(1011,860)
(2958,66)
(2540,873)
(1628,2000)
(1267,1651)
(1409,2987)
(1524,2060)
(1969,2684)
(2878,2931)
(2759,1747)
(1864,272)
(765,2379)
(1407,1605)
(1290,341)
(1496,2659)
(1154,1518)
(2597,450)
(1542,728)
(468,1827)
(1796,2538)
(2321,2095)
(201,1176)
(2017,2566)
(502,2173)
(886,2898)
(936,620)
(999,2563)
(1871,1742)
(2081,193)
(95,11)
(831,2161)
(2945,2673)
(1075,267)
(670,483)
(679,2138)
(2206,248)
(1182,1348)
(2849,662)
(839,983)
(2642,135)
(1617,2836)
(547,91)
(1826,1609)
(1507,2603)
(2664,2600)
(1123,2191)
(2988,680)
(1045,2694)
(2721,49)
(824,150)
(203,2075)
(485,1618)
(1700,1935)
(2825,2031)
(2078,240)
(433,1055)
(1083,2831)
(1268,1150)
(1339,1403)
(2648,1023)
(2487,2144)
(51,1762)
(607,1926)
(1789,1316)
(174,161)
(280,2860)
(2037,522)
(46,2950)
(93,1166)
(1702,2632)
(943,2693)
(1672,1234)
(2877,2458)
(2230,653)
(448,2156)
(1232,2380)
(2484,2519)
(446,2358)
(952,96)
(2862,737)
(1073,21)
(2477,2849)
(1450,538)
(1937,2022)
(1091,855)
(1173,2546)
(2266,1432)
(320,584)
(1934,2291)
(915,2277)
(940,178)
(1628,1671)
(283,2812)
(1582,2107)
(1336,2902)
(580,2893)
(434,2165)
(1624,1000)
(2481,1836)
(1329,2193)
(507,1633)
(1460,1226)
(2795,65)
(1239,347)
(2478,1399)
(2857,487)
(2604,348)
(2613,333)
(1819,126)
(187,2794)
(688,2179)
(2026,2507)
(2791,433)
(976,2496)
(953,524)
(2892,2148)
(2401,2450)
(787,2051)
(1751,1722)
(1535,2385)
(1455,2409)
(1195,1338)
(2078,2816)
(2423,869)
(930,677)
(2270,2763)
(1614,136)
(94,192)
(858,1970)
(239,2610)
(737,2879)
(987,1769)
(2699,717)
(662,2665)
(2566,931)
(1850,1532)
(1651,2791)
(1482,660)
(84,525)
(2894,335)
(227,2086)
(2254,1200)
(2695,945)
(396,710)
(363,2072)
(2143,1433)
(2130,2831)
(2149,2874)
(2763,1833)
(527,2636)
(2485,1135)
(457,1434)
(1504,2733)
(2998,1133)
(1534,2026)
(212,2671)
(102,2747)
(561,32)
(644,2966)
(2783,1821)
(2907,386)
(761,661)
(2980,1765)
(2252,512)
(2766,2596)
(68,1712)
(1402,2630)
(1414,262)
(2152,2835)
(344,185)
(205,2379)
(1348,1243)
(2114,1747)
(2771,392)
(694,2944)
(417,506)
(2911,1726)
(810,448)
(176,2590)
(2734,43)
(2657,615)
(852,1192)
(2417,699)
(2387,1765)
(1439,1775)
(2044,2572)
(2306,2611)
(1066,219)
(2586,353)
(2490,552)
(664,1474)
(2287,2425)
(2141,2719)
(2422,2060)
(1661,2816)
(1950,978)
(709,123)
(632,2007)
(1471,2700)
(2621,1125)
(2472,1499)
(78,790)
(726,2334)
(1668,1521)
(2588,323)
(1364,1024)
(1781,430)
(674,1031)
(2973,2140)
(381,2148)
(2769,2374)
(1070,883)
(2092,2971)
(2017,2419)
(246,1303)
(551,2355)
(827,886)
(1751,784)
(2084,2372)
(1215,449)
(2640,2409)
(437,2208)
(1753,1497)
(255,1673)
(1185,1076)
(598,4)
(2799,1957)
(1616,1783)
(647,587)
(58,1997)